101152
101561
101871
101930
102167
104477
104780
105284
105385
106004
107316
109080
112482
115039
115049
115233
115581
117350
118319
121553
121788
123391
124713
125085
125765
126647
127895
128197
128232
128453
129177
129330
129517
129606
131004
132308
132443
135692
135887
137375
137600
139011
140386
141826
142175
143094
143411
143843
144084
146538
147006
147103
147288
147316
147932
148221
148348
148755
149281
150298
150716
151042
151649
152281
152814
156164
158425
158942
161858
163382
165071
165764
165951
165980
168580
168734
168747
170116
170124
170393
171585
172193
172773
175437
175793
176035
176394
176904
177800
178167
182398
182993
183942
184479
186062
186872
186924
187200
187363
188399
190141
190215
191087
191190
192635
192794
193937
194252
195857
198392
198982
199339
200207
200491
200805
200906
201234
202176
203340
204860
205004
206192
207770
208454
209026
209054
209204
209632
210446
210917
211016
213640
213719
215082
215584
218512
219935
220555
220649
220848
221759
222186
222285
222809
222925
223777
224148
224261
224292
225551
226440
226501
227974
229514
230163
231055
231804
232548
232716
232868
233059
233269
233681
233924
234603
236026
236269
237294
238660
239130
241979
242389
242513
243133
245787
246203
246672
247917
248087
248135
248467
250594
251622
252059
252362
252720
253080
253086
253547
254634
254743
254750
256460
257148
260186
261025
263722
265011
266288
267207
267269
269377
269580
269834
271015
271713
272562
273453
274095
274686
275466
275664
275740
275800
277093
279379
280587
280964
281110
281267
283428
284380
289714
290348
292291
292476
293935
293985
296080
296910
298775
298888
300847
301205
301444
301810
302279
302283
303006
304828
305066
306582
307219
307301
308467
309111
310703
310711
311324
311898
313053
314580
314807
314871
315567
315817
316050
317695
319178
319954
320709
322099
324588
325357
326697
326860
327505
328309
329354
329554
331318
334992
335679
336071
336170
336627
336804
336843
338843
339223
339761
340207
340674
340928
341465
342141
345837
347785
349281
353538
357178
357883
359913
360185
360543
361385
361718
362598
362947
363203
363346
363447
366225
368890
368953
369592
371037
371656
373205
374447
374604
376130
376283
377188
378498
378697
378776
379085
380423
380515
381217
382777
382784
383018
385573
386150
386436
386786
388757
389314
390330
390502
391339
391818
392236
392304
392468
392621
392635
392752
392794
393013
393656
394571
394832
395320
395374
395834
396472
396592
399120
400655
401667
401681
401684
402378
402935
404078
404316
405312
408378
409198
411694
413629
414621
416185
416607
416806
416979
417990
418642
419339
419378
419552
420697
421702
421748
422134
422532
424437
425486
426434
430086
433472
435447
436466
437273
438170
439266
439996
440135
440376
442946
444719
447347
447818
447825
448387
448669
449958
450265
452070
453948
456586
456791
456798
462280
462708
463735
464864
465477
466046
466712
468434
469123
469191
471423
472736
472757
472804
472838
473194
473467
473919
476091
476156
476651
476678
477009
477998
478721
479789
480191
480775
480935
481178
481582
484434
489661
489919
489952
490372
490836
491084
491237
491847
492374
493821
493834
494320
494832
495205
497345
498090
499083
499417
499589
499609
500074
500798
501179
501440
501615
502164
502168
503003
503606
505167
505601
510903
511195
512669
513779
515224
516109
517346
517434
518714
521044
521733
521957
522564
525646
526629
528128
528383
530492
533450
534100
534389
536844
537140
537250
537297
537410
537664
538226
538672
539538
541512
541835
542944
543539
544212
547420
548131
551157
554204
554337
554574
555948
556756
557002
558677
560039
560267
560962
561347
562072
562582
563101
563538
564191
565446
565566
566177
567150
571591
572329
572428
574084
575300
576361
578363
578403
579875
580963
583569
584463
585387
585547
585736
586022
586701
587897
587921
589649
591376
592164
593288
594945
596300
596714
597315
597808
599353
599386
600223
600342
600750
602909
604804
605779
607253
608909
609297
610768
611410
613511
614565
614629
614647
614802
615234
615955
616422
616584
616748
617332
617535
617974
618096
620356
622900
622992
623485
624960
629452
629818
630245
630982
631671
632125
632442
632609
633865
634767
635324
636442
637510
638848
639819
640749
640762
640799
641990
642258
643038
644452
644935
644963
645814
647417
647477
647989
648348
648754
649156
650076
650179
650263
650268
651895
652378
652585
653145
653595
654862
657212
657305
658771
659432
659587
661091
661409
662478
663508
663755
665060
665560
665786
665889
666260
666442
667801
668173
669340
669759
670386
670840
671310
672157
673012
673228
673894
675984
676284
677602
677824
678277
680212
680472
680986
681410
681957
682014
682287
684761
685567
685644
685897
686523
688057
688425
688721
688846
690291
690543
691777
691935
693862
694023
695053
698144
700231
700599
701590
702085
703965
705734
705917
706723
708253
708785
708935
709406
711913
712563
712625
714297
715080
715140
717836
719232
719682
721648
722332
723066
723853
724728
725458
728544
730545
731322
731516
732806
734753
736383
736481
736483
738016
738071
739412
739847
742030
744100
746484
748799
748838
750320
750491
750806
752212
753782
754821
755092
755271
756048
757565
758625
759735
761516
762008
762111
764555
765221
765636
765907
766204
767062
767280
768682
768766
770469
770832
771272
772117
773192
773663
774484
775844
776027
776583
776768
777902
780517
780815
781445
782069
782894
783716
784592
784699
784794
785345
786929
788612
790436
790968
791258
792010
792653
792969
793240
794627
795657
796771
796990
797104
798192
799038
800820
802300
802877
803565
803874
804422
805318
806502
807294
807536
808393
810642
810892
813408
813539
814258
814955
817062
817195
817701
820800
821731
823091
824253
824538
827422
827461
827518
829983
830901
833241
833377
838117
838428
840781
842946
844990
848116
849040
850490
850797
850823
851038
851226
852509
853201
853304
853988
854096
854785
855684
856504
857678
858118
859046
860102
860693
860772
861014
861716
863619
863822
865628
865737
865935
867201
867583
867798
868349
868356
868927
870284
871588
872469
872894
874521
875270
875534
876525
879023
879137
880043
881188
881361
881875
884832
884963
885576
890463
890631
892693
893595
894056
895744
896709
896806
898662
901519
901718
901828
902604
904396
904600
908892
910667
912049
912261
913493
913739
914478
915622
916187
916764
917994
918131
918391
919625
920377
921288
921555
922890
923000
924605
925326
925761
927069
927407
930008
930440
930665
932901
933328
936514
938187
938910
938937
939754
942439
942756
942937
945127
945165
945369
946260
946617
947109
947374
949085
949091
949279
950832
951328
952045
952813
953330
954773
956142
956457
956582
957006
957193
957417
957493
958249
958361
959379
959963
960818
961337
961464
962991
963302
963464
967224
967970
968941
968949
969901
970208
972202
972771
972794
973748
974696
976341
976474
976860
978082
978114
981269
981402
982098
983219
983564
984405
986560
987175
987772
990278
992436
992802
993368
993759
994354
994598
995953
996785
997727
998727