110083
118397
123699
135023
167184
174320
175154
181834
189714
196001
197653
208444
209693
217534
219022
234761
240149
243279
250862
251227
275935
280080
293140
298719
314807
318311
386711
388780
400605
417769
419445
421789
441777
446187
453644
461680
469404
475343
506972
507814
508083
524139
526385
529027
532159
533607
549828
553532
561162
573765
578010
582018
591772
595884
608461
608728
612160
615681
634116
643822
645958
646172
646283
648251
669174
699961
702645
705688
709012
714860
716066
729031
743785
744689
770179
790894
816279
819574
822790
831340
850923
851044
852965
862662
869878
874716
882889
884627
889280
890142
890893
894194
936200
947845
952658
952965
958596
983289
989313
997044