100055
100131
100144
100164
100298
100375
100482
100546
100608
100812
100820
100919
100992
101004
101055
101244
101292
101600
101689
101829
101889
102153
102196
102326
102328
102333
102365
102450
102586
102661
102705
102782
102846
102889
102980
103248
103257
103430
103458
103460
103463
103485
103501
103552
103600
103640
103666
103707
103764
103813
103871
103882
103964
104055
104223
104248
104270
104280
104299
104508
104523
104547
104595
104907
105022
105073
105141
105242
105323
105389
105451
105469
105479
105490
105497
105519
105661
105704
105940
106048
106212
106254
106425
106580
106673
106687
106872
106910
106927
106940
107128
107237
107302
107658
107776
107848
107850
107871
108261
108264
108280
108326
108393
108415
108423
108455
108562
108633
109014
109062
109091
109092
109161
109273
109385
109644
109665
109686
109766
109819
109873
109895
109938
110047
110051
110123
110173
110282
110321
110330
110349
110394
110723
110850
110898
110899
110915
111034
111052
111117
111211
111213
111505
111595
111666
111746
111821
111893
111930
111954
111978
111986
112250
112329
112372
112380
112540
112571
112632
113033
113160
113441
113443
113464
113609
113643
113961
113974
113993
114022
114114
114372
114388
114416
114471
114787
114864
115002
115053
115280
115473
115728
115729
115767
115948
115949
115971
116006
116027
116142
116149
116251
116386
116650
116705
116791
116874
116950
116974
117091
117168
117172
117261
117329
117523
117546
117589
117690
117838
117959
117975
118082
118141
118158
118176
118186
118243
118385
118429
118461
118526
118586
118606
118634
118887
118931
118942
119059
119255
119333
119419
119437
119536
119576
119587
119647
119649
119684
119847
119888
119890
119957
119978
120059
120071
120128
120215
120235
120286
120314
120366
120374
120503
120970
121001
121225
121252
121358
121484
121514
121561
121811
122008
122093
122222
122314
122331
122696
122734
122761
122950
123035
123074
123092
123153
123214
123284
123305
123435
123457
123556
123573
123620
123652
123697
123776
123996
124095
124122
124135
124190
124203
124277
124344
124405
124502
124827
124841
124886
125003
125138
125147
125336
125483
125918
126063
126106
126169
126222
126288
126305
126331
126581
126684
126706
126730
126847
126851
126871
126887
127302
127498
127538
127602
127609
127822
127872
128042
128061
128084
128331
128460
128555
128564
128581
128601
128628
128660
128742
129103
129148
129174
129276
129370
129415
129553
129569
129580
129586
129609
129625
129768
129823
129951
130046
130170
130284
130310
130385
130501
130550
130762
130840
130869
130916
131014
131035
131133
131236
131326
131349
131561
131652
131664
131730
131759
131799
131848
131876
131971
132037
132099
132354
132456
132612
132667
132820
132864
132934
133041
133042
133081
133164
133318
133372
133394
133537
133567
133594
133643
133659
133660
133756
133782
133793
133807
133896
133940
133978
133981
134047
134171
134211
134251
134359
134472
134638
134692
134710
134930
134951
134988
135022
135033
135045
135204
135384
135497
135522
135605
135841
135864
136100
136121
136197
136236
136457
136821
136853
136892
136923
137118
137314
137377
137414
137544
137744
137750
137778
137954
137956
138316
138392
138406
138457
138487
138509
138539
138850
138937
138963
138967
139060
139131
139194
139197
139205
139223
139230
139633
139675
139799
139854
139884
140088
140154
140157
140158
140400
140500
140546
140683
140731
140954
141065
141285
141375
141396
141430
141474
141475
141486
141567
141674
141682
141784
141994
142066
142115
142346
142571
142667
142765
142820
142844
143255
143620
143674
143989
144195
144227
144242
144280
144299
144477
144513
144592
144593
144716
144720
144727
144744
144766
144847
145000
145016
145027
145063
145214
145272
145358
145361
145453
145605
145610
145638
145698
145741
145766
145877
146099
146149
146154
146242
146246
146390
146918
146963
147096
147156
147224
147370
147624
147625
147770
147995
148060
148272
148367
148373
148472
148519
148624
148631
148748
148935
148946
149159
149201
149206
149213
149218
149276
149300
149307
149369
149414
149471
149509
149587
149604
149641
149872
149896
149953
150038
150060
150076
150109
150149
150158
150201
150377
150716
150725
150728
150810
150955
151019
151027
151035
151066
151125
151216
151241
151388
151465
151521
151586
151693
151818
151970
151993
152095
152120
152146
152345
152366
152437
152488
152506
152579
152595
152762
152871
152976
153070
153187
153329
153475
153481
153729
153734
153946
154052
154083
154118
154330
154453
154489
154636
154652
154703
154842
154872
154912
155317
155351
155390
155461
155738
155856
156149
156364
156607
156671
156722
156745
156854
156860
157080
157115
157417
157492
157582
157624
157714
157743
157785
157834
158022
158146
158256
158479
158546
158629
158639
158653
158740
158904
159026
159294
159424
159447
159492
159629
159666
159803
159858
159895
159918
160015
160077
160120
160124
160159
160164
160583
160668
160705
160828
160903
161120
161191
161254
161301
161344
161348
161429
161531
161537
161541
161646
161663
161728
161946
162082
162190
162272
162352
162477
162590
162715
162962
163086
163285
163396
163551
163608
163669
163736
163842
163856
163927
163957
164086
164168
164198
164242
164297
164314
164387
164543
164571
164576
164577
164596
164886
164898
164960
165027
165275
165444
165706
165715
165736
165868
165977
166005
166035
166125
166142
166237
166289
166587
166625
166676
166735
167050
167254
167259
167318
167422
167428
167444
167560
167694
167728
167780
167803
167813
167829
167963
168102
168138
168171
168355
168482
168680
168724
168753
168800
168818
169192
169283
169567
169579
169630
169729
169818
169851
169942
169967
170014
170161
170288
170462
170625
170674
170727
170861
170865
170877
170891
170941
170947
171025
171031
171600
171760
171823
171903
171992
172079
172128
172169
172215
172324
172445
172633
172719
172730
172758
172891
172970
173325
173458
173553
173729
173746
173772
173817
173874
174001
174069
174533
174558
174684
174688
174772
174794
175072
175171
175440
175789
175831
175863
175868
175890
176133
176362
176407
176750
176758
176803
176935
176986
177027
177028
177031
177050
177064
177083
177128
177420
177616
177658
177815
177835
177886
177887
178070
178087
178157
178250
178392
178456
178510
178608
178668
178826
178833
179000
179117
179300
179416
179461
179991
180052
180087
180193
180245
180370
180387
180570
180577
180586
180804
181174
181186
181295
181717
181729
181842
181985
182091
182148
182173
182392
182549
182751
182960
183038
183119
183172
183182
183253
183434
183671
183683
183752
183834
183869
183891
183893
184175
184305
184595
184606
184654
184694
184750
184812
184873
184881
184886
184910
184987
184996
185042
185120
185136
185207
185305
185642
185722
185770
185831
186066
186087
186208
186319
186439
186527
186549
186602
186607
186717
186768
186882
186972
187003
187308
187312
187413
187446
187479
187524
187561
187683
187822
187894
187931
187939
188039
188109
188226
188467
188484
188630
188631
188709
188722
188728
188796
188830
188882
188916
189043
189222
189249
189284
189329
189517
189556
189621
189665
189682
189705
189765
189847
189854
190028
190053
190208
190240
190638
190707
190838
190842
190930
190937
191023
191191
191226
191309
191341
191345
191439
191647
191783
191787
191834
192043
192074
192099
192117
192121
192224
192336
192510
192570
192667
192671
192944
192963
193028
193030
193163
193296
193326
193340
193395
193439
193448
193751
193865
193869
193977
193992
194162
194231
194516
194584
194588
194647
194666
194670
194705
194755
194863
194964
195118
195212
195362
195519
195583
195665
195701
195702
195724
195930
195984
196313
196585
196588
196593
196658
196659
196700
196757
196885
196899
197051
197093
197114
197174
197206
197215
197244
197266
197340
197447
197513
197708
197719
197831
197867
198140
198249
198508
198544
198639
198645
198782
198847
198850
198920
198929
198990
199020
199037
199120
199172
199253
199382
199511
199592
199645
199685
199713
199778
199796
199828
200047
200103
200123
200174
200177
200204
200298
200428
200535
200601
200661
200844
201126
201140
201178
201438
201554
201590
201595
201628
201642
201756
202116
202120
202131
202141
202172
202186
202320
202395
202526
202597
202614
202620
202678
202732
202875
202943
202985
202986
203027
203309
203322
203371
203474
203607
203611
203873
203914
203915
203958
204077
204185
204197
204204
204209
204281
204376
204529
204633
204796
205032
205073
205256
205343
205446
205582
205775
205993
206048
206202
206206
206250
206314
206363
206425
206435
206506
206532
206580
206582
206595
206599
206699
206934
207180
207214
207371
207393
207482
207848
207909
207927
208200
208401
208436
208558
208594
208614
208779
208942
209031
209093
209248
209314
209349
209589
209832
209977
210042
210139
210224
210251
210442
210546
210589
210648
210673
210887
210907
211088
211202
211357
211510
211671
211757
211849
212017
212230
212269
212318
212344
212345
212415
212473
212546
212681
212685
212964
212975
212991
213149
213199
213210
213322
213325
213523
213546
213595
213612
213680
213896
214039
214098
214109
214185
214393
214578
214625
214737
214892
214912
215006
215040
215099
215259
215337
215364
215635
215763
215791
215796
215855
215944
215992
216152
216304
216447
216514
216640
216672
216673
216686
216850
217051
217096
217381
217494
217994
218118
218216
218223
218257
218501
218760
218818
218962
219000
219025
219410
219498
219527
219533
219615
219669
219786
219831
219952
219971
220001
220129
220294
220437
220507
220634
220706
220728
220780
220799
220873
220938
221049
221063
221095
221165
221332
221391
221400
221599
221707
221834
221839
221849
221867
221883
222084
222094
222129
222131
222158
222309
222418
222686
222711
222798
222828
222890
222905
223029
223117
223150
223389
223517
223521
223743
223751
223967
223990
224073
224155
224255
224314
224322
224620
224657
224684
224732
225011
225081
225097
225239
225407
225534
225662
225735
225792
225972
226018
226103
226188
226247
226252
226277
226287
226321
226349
226376
226382
226772
226898
226922
226951
227017
227137
227377
227561
227948
227973
228024
228104
228110
228149
228406
228586
228608
228648
228812
228816
228955
229034
229204
229371
229434
229447
229561
229614
229687
229741
229753
229782
230284
230351
230408
230557
230610
230685
230712
230903
231128
231269
231659
231831
231912
231939
232025
232091
232121
232146
232270
232386
232619
232783
232792
232867
232868
233001
233118
233152
233296
233307
233415
233622
233646
233686
233878
233969
234223
234234
234320
234452
234606
234832
234861
234943
235018
235036
235082
235261
235311
235450
235581
235710
235871
235887
235956
236065
236199
236247
236457
236459
236545
236617
236730
236992
237200
237231
237292
237328
237396
237421
237469
237509
237749
237883
237918
238005
238258
238269
238276
238278
238318
238435
238668
238789
238947
239018
239164
239350
239588
239623
239640
239747
239950
239957
240184
240191
240310
240313
240323
240439
240489
240588
240663
240855
240879
240940
241038
241046
241159
241233
241242
241346
241389
241467
241544
241859
242040
242140
242194
242288
242338
242340
242348
242501
242507
242584
242618
243004
243042
243280
243614
243639
243656
243797
243822
243845
243885
243970
244081
244151
244154
244194
244211
244220
244315
244484
244543
244565
244712
244831
244880
245119
245191
245420
245592
245716
245952
246013
246034
246144
246247
246279
246372
246446
246507
246560
246604
246735
247196
247381
247640
247663
247727
247872
247878
247886
247933
247992
248103
248166
248174
248234
248243
248267
248340
248419
248537
248561
248647
248821
248845
248885
249183
249219
249262
249269
249334
249586
249713
249836
249879
250007
250186
250272
250520
250725
250849
250853
251408
251532
251559
251607
251610
251646
252028
252083
252344
252356
252375
252438
252759
252858
252955
252973
252980
253026
253034
253191
253203
253317
253482
253557
253645
253646
253959
254102
254107
254203
254248
254280
254299
254349
254544
254753
254813
255007
255039
255114
255221
255237
255256
255417
255583
255914
255944
256130
256246
256264
256329
256671
256791
256905
257483
257741
257801
257900
257926
258052
258239
258245
258302
258359
258476
258543
258781
258801
258863
258904
259083
259166
259225
259407
259414
259474
259505
259527
259855
259906
260000
260045
260087
260755
260940
260993
260994
261049
261084
261119
261240
261370
261479
261670
261733
261751
261861
261869
261991
262026
262135
262324
262357
262397
262468
262503
262775
262842
262978
263046
263180
263189
263230
263408
263410
263425
263589
263769
263944
263989
264097
264196
264214
264290
264750
264763
264898
265005
265042
265071
265172
265259
265307
265578
265620
265647
265764
265776
265844
265915
265937
266011
266033
266085
266162
266274
266275
266334
266424
266473
266501
266504
266572
266665
266803
266976
267043
267089
267109
267453
267455
267526
267634
267648
267656
267784
267941
268073
268146
268441
268465
268527
268559
268579
268788
268874
269038
269079
269110
269393
269502
269566
269622
269770
269776
269826
269959
270042
270056
270166
270407
270416
270472
270590
270621
270652
270716
270981
271012
271384
271436
271478
271596
271669
271867
271884
272019
272037
272185
272336
272456
272493
272523
272604
272722
272844
272937
272996
273607
273652
273710
273719
273734
273789
273869
273894
273896
274065
274109
274161
274273
274355
274396
274398
274405
274607
274706
274723
274903
275102
275189
275264
275374
275488
275639
275656
275662
275739
275876
275904
275950
276051
276104
276199
276276
276278
276280
276427
276486
276563
276585
276700
276921
277090
277092
277153
277170
277264
277466
277532
277592
277634
277646
277857
277905
277957
278046
278052
278143
278169
278258
278304
278346
278373
278386
278689
278718
278783
278817
278834
278863
279163
279302
279394
279423
279453
279477
279532
279589
279836
279875
279884
280047
280066
280095
280220
280234
280316
280331
280351
280374
280533
280748
281008
281044
281099
281161
281191
281268
281278
281431
281498
281794
281846
281861
281923
282033
282056
282094
282343
282479
282481
282550
282611
282647
282666
282783
282796
282912
282969
282986
283115
283299
283310
283398
283448
283454
283606
283631
283763
284034
284116
284210
284249
284284
284393
284427
284758
284891
284965
285112
285202
285225
285356
285463
285517
285633
285766
285771
285849
285979
286076
286138
286202
286341
286384
286405
286468
286705
286780
286835
286841
286900
286947
287264
287385
287622
287772
287910
287941
287993
288009
288130
288185
288315
288328
288341
288351
288469
288542
288570
288731
288743
288775
288979
289105
289169
289199
289248
289282
289309
289343
289362
289582
289725
289745
289831
289913
289916
289973
290154
290283
290350
290383
290432
290531
290651
290982
291054
291157
291219
291397
291633
291654
291741
291800
292028
292068
292090
292153
292156
292268
292367
292488
292559
292798
292972
293037
293126
293186
293269
293315
293325
293375
293413
293588
293608
293748
293898
294135
294189
294310
294330
294360
294404
294467
294469
294549
294631
294776
294862
295017
295043
295183
295316
295376
295474
295685
295741
295901
296016
296090
296123
296145
296234
296373
296456
296485
296702
296729
296874
296877
296976
297030
297061
297097
297100
297168
297281
297442
297707
297794
298056
298127
298214
298260
298342
298441
298446
298507
298836
298901
298925
298947
298980
299110
299201
299276
299307
299351
299451
299494
299518
299561
299645
299659
299836
300000
300071
300119
300155
300168
300221
300314
300377
300536
300563
300579
300762
300910
301069
301320
301376
301418
301535
301579
301584
301586
301632
301681
301815
301877
301910
301920
302043
302211
302217
302308
302343
302576
302647
302766
302833
302962
303031
303038
303117
303239
303718
303821
303852
303930
304048
304140
304170
304194
304322
304462
304561
304588
304876
304879
305100
305138
305154
305236
305289
305356
305540
305632
305674
305789
305848
305966
306124
306298
306322
306475
306591
306704
306744
306775
307021
307063
307088
307104
307447
307481
307513
307518
307544
307551
307669
307722
307750
307761
307948
308055
308073
308114
308270
308313
308377
308437
308469
308587
308809
308942
308972
308976
309039
309080
309118
309153
309244
309266
309307
309404
309512
309566
309584
309635
309776
309903
309951
310152
310241
310276
310373
310552
310563
310640
310655
310665
310719
310769
311000
311028
311070
311084
311107
311202
311212
311301
311435
311450
311598
311927
311967
311970
311973
312264
312285
312286
312490
312764
312849
312860
312905
312922
313184
313236
313354
313636
313664
313808
313841
313927
314004
314077
314282
314359
314387
314408
314494
314527
314532
314559
314687
314850
314883
314895
314917
315015
315070
315100
315156
315163
315315
315334
315335
315427
315448
315508
315562
315563
315674
315760
315823
315871
315980
316067
316086
316119
316282
316392
316413
316445
316495
316559
316598
316610
316637
316642
316708
316720
316722
317133
317226
317276
317301
317525
317561
317644
317795
317895
318052
318291
318340
318387
318410
318422
319000
319044
319280
319444
319551
319599
319626
319642
319656
319684
319688
319717
319952
320028
320211
320226
320235
320418
320438
320512
320549
320597
320662
320766
320888
320974
320994
321012
321084
321529
321582
321709
321739
321741
321765
322045
322145
322191
322218
322276
322380
322382
322698
323040
323047
323051
323115
323118
323335
323457
323508
323636
323853
323896
323998
324227
324464
324474
324479
324511
324545
324726
325089
325111
325148
325191
325269
325457
325532
325582
325625
325669
325777
325795
325847
325858
325971
326002
326111
326242
326346
326428
326480
326593
326682
326685
326731
326777
326791
326816
326853
326888
326970
327014
327157
327272
327740
327808
327814
327830
327857
327905
328268
328476
328514
328576
328608
328642
328747
328876
328881
328923
329008
329095
329120
329145
329276
329397
329403
329591
329628
329686
329708
329749
329783
329786
329836
329911
329952
330081
330158
330211
330217
330265
330430
330433
330532
330687
330741
330772
330822
330833
330906
330945
330957
330984
331093
331098
331128
331213
331219
331286
331350
331420
331484
331694
331696
331699
331755
331831
331852
331900
332021
332224
332428
332764
332816
332946
333022
333168
333330
333401
333408
333468
333474
333486
333973
334053
334142
334210
334329
334335
334384
334392
334414
334862
334871
334874
334878
334946
334963
334985
335026
335027
335035
335136
335673
335735
335852
336064
336093
336105
336170
336269
336450
336656
336681
336686
336804
336809
336813
336876
336937
337057
337130
337182
337210
337258
337327
337335
337342
337375
337499
337531
337613
337637
337810
337945
338035
338052
338075
338076
338376
338416
338601
338806
338820
338908
338914
339065
339089
339094
339303
339507
339532
339539
339802
340052
340232
340300
340374
340497
340513
340608
340780
341014
341090
341109
341137
341153
341156
341161
341224
341268
341305
341328
341366
341368
341379
341424
341619
341682
341690
341699
341700
341745
341755
341894
341975
341988
342015
342120
342238
342403
342463
342519
342695
342754
342771
342968
343089
343132
343227
343242
343266
343419
343448
343486
343520
343570
343651
343733
343776
343875
343897
343966
344051
344082
344317
344349
344374
344460
344614
344805
344816
345205
345233
345243
345366
345377
345391
345533
345685
345744
345760
345774
345818
345970
346205
346254
346472
346611
346684
346745
346756
347211
347289
347323
347432
347504
347594
347613
347640
347717
347760
347878
347916
347920
348121
348269
348365
348394
348405
348554
348637
348666
348760
348793
348832
349144
349220
349301
349359
349447
349619
349663
349727
349829
349832
349892
349893
349917
350036
350120
350194
350331
350336
350388
350733
350793
351152
351187
351223
351430
351461
351462
351500
351603
351657
351868
352021
352120
352174
352182
352353
352414
352426
352438
352486
352495
352579
352770
352803
352825
352916
352990
353069
353128
353183
353279
353284
353453
353516
353524
353585
353608
353871
353951
354161
354410
354454
354476
354624
354752
354791
354796
354808
354811
354827
354872
354927
355010
355155
355165
355305
355603
355846
356025
356109
356170
356172
356191
356242
356374
356479
356575
356598
356645
356742
356884
356916
356974
357141
357264
357291
357322
357326
357358
357359
357399
357598
357860
358067
358127
358166
358207
358310
358329
358398
358426
358596
358646
358682
358753
358820
358829
358907
358986
359055
359078
359278
359356
359397
359554
359692
359696
359752
359755
359773
359825
359845
360371
360435
360473
360543
360792
360938
360971
360976
361126
361138
361141
361218
361256
361355
361414
361523
361561
361597
361771
361785
361797
361870
361896
361974
362152
362251
362283
362605
362691
362784
362788
362915
363134
363247
363577
363715
363782
363908
363975
364049
364082
364125
364185
364191
364199
364313
364436
364492
364541
364729
364753
364781
364872
365037
365040
365167
365266
365411
365441
365592
365670
365790
365795
365858
365864
365952
366025
366297
366637
366700
366832
366842
366916
367043
367618
367623
367714
367828
367906
368150
368191
368233
368355
368673
368679
368848
368923
369014
369106
369129
369379
369386
369528
369541
369580
369671
369753
369869
370000
370031
370133
370140
370197
370246
370275
370475
370481
370530
370619
370688
370996
371105
371262
371434
371516
371763
371820
372083
372122
372152
372218
372242
372283
372329
372414
372454
372567
372633
372873
372885
372904
373041
373164
373180
373212
373264
373449
373489
373615
373621
373745
373764
373920
374009
374050
374276
374427
374437
374504
374623
374718
374778
375002
375020
375033
375349
375499
375502
375687
375925
375965
376007
376271
376378
376662
376707
376744
376800
376993
377069
377218
377270
377277
377296
377316
377416
377566
377686
377843
377885
378233
378371
378433
378442
378509
378543
378580
378618
378624
378686
378769
378775
378807
378867
378909
378928
378935
379034
379103
379241
379367
379607
379666
379672
379694
379901
379964
380017
380050
380126
380131
380317
380430
380541
380747
380810
380841
380856
380863
380953
381040
381042
381124
381281
381390
381393
381403
381484
381526
381604
381633
381731
381781
381960
382026
382145
382171
382176
382346
382541
382635
383012
383015
383024
383031
383069
383180
383427
383614
383713
383919
383921
383932
383937
383943
383947
384135
384238
384322
384630
384817
384983
385014
385027
385127
385155
385204
385244
385528
385602
385672
385739
385798
385811
385835
385858
385927
385974
386097
386124
386294
386411
386465
386553
386570
386678
386716
386812
386834
386835
386907
386915
386995
387019
387134
387217
387250
387367
387485
387499
387694
388018
388310
388335
388636
388640
388647
388668
388748
388905
389212
389379
389433
389443
389479
389542
389883
389897
390035
390162
390182
390387
390540
390827
390828
390892
390996
391035
391139
391366
391435
391454
391536
391537
391554
391611
391634
391759
391811
392203
392538
392594
392842
392895
392905
393077
393132
393179
393290
393431
393434
393596
393663
393677
393736
393739
393841
393950
394025
394038
394181
394219
394269
394271
394292
394319
394337
394358
394557
394650
394659
394717
394744
394772
394891
394932
395074
395266
395388
395473
395537
395568
395592
395595
395648
395709
395858
395955
395969
396162
396261
396390
396405
396416
396547
396572
396583
396600
396754
396831
396960
397014
397392
397424
397508
397602
397686
398148
398191
398313
398314
398349
398440
398519
398661
398662
398772
398826
399025
399387
399396
399440
399466
399477
399521
399594
399757
399758
399774
399788
399833
399907
400107
400130
400220
400238
400248
400279
400337
400425
400528
400591
400613
400626
400698
400712
400717
400734
400817
400819
400822
400845
400868
400917
401164
401203
401233
401285
401350
401529
401535
401646
401664
401731
401771
401792
401885
401930
401971
402514
402527
402545
402567
402742
402868
403023
403071
403101
403183
403211
403486
403614
403724
403741
403841
403867
404063
404075
404118
404188
404230
404242
404262
404320
404473
404527
404610
404639
404686
404846
404917
404989
405034
405224
405339
405370
405408
405453
405465
405472
405475
405527
405573
405585
405592
405641
405774
406020
406167
406359
406384
406529
406535
406630
406664
406751
406776
406779
406974
407006
407059
407151
407277
407285
407313
407332
407336
407387
407455
407632
407687
407710
407796
407827
408357
408383
408458
408654
408722
408747
408985
409023
409095
409108
409288
409398
409491
409542
409665
409773
409870
410058
410219
410327
410495
410515
410761
410773
410845
410908
410914
411123
411134
411222
411309
411340
411418
411496
411545
411824
411847
411868
412021
412051
412092
412100
412147
412206
412427
412515
412649
412857
413142
413181
413270
413327
413334
413524
413679
413700
413730
413754
413826
413842
413930
414047
414053
414143
414169
414292
414460
414527
414776
414959
415298
415316
415342
415403
415457
415484
415522
415765
415866
415915
416083
416173
416184
416186
416192
416244
416538
416801
416925
417145
417207
417353
417356
417370
417419
417483
417518
417542
417700
417715
418169
418170
418300
418373
418592
418704
418752
418801
418874
419013
419040
419223
419429
419773
419823
419876
420103
420320
420358
420381
420446
420449
420597
420660
420665
420695
420758
420852
420853
420941
421047
421323
421491
421528
421543
421576
421806
421837
421968
422120
422163
422179
422183
422246
422304
422428
422523
422581
422677
422699
422846
422890
422949
422994
423067
423119
423369
423375
423603
423682
423723
423777
423974
423988
424038
424458
424480
424546
424619
424700
424787
424983
424998
425025
425146
425441
425548
425845
425916
425975
426157
426162
426195
426335
426765
426832
426878
426924
426978
427019
427036
427329
427338
427352
427367
427463
427506
427514
427545
427598
427651
427849
427874
428115
428147
428204
428365
428377
428425
428484
428528
428536
428544
428648
428685
428764
428975
429018
429068
429091
429110
429182
429277
429620
429762
429958
429968
429983
430137
430276
430371
430796
430830
430876
430939
430993
430998
431114
431140
431162
431393
431433
431587
431630
431673
431708
431758
431833
432120
432134
432266
432468
432474
432485
432588
432618
432724
432765
432869
432968
433013
433281
433317
433463
433620
433779
433856
433933
433962
433978
434093
434225
434277
434313
434363
434368
434431
434585
434591
434598
434627
434635
434724
434777
434997
435019
435062
435100
435123
435274
435315
435354
435437
435441
435582
435691
435764
435848
436009
436075
436172
436208
436296
436326
436337
436402
436422
436442
436484
436526
436604
436620
436673
436749
436784
436919
436933
437033
437056
437298
437374
437380
437606
437766
437779
437814
437874
438145
438253
438471
438507
438598
438886
439102
439129
439193
439319
439336
439415
439465
439527
439638
439728
439806
439825
439868
440007
440073
440108
440205
440350
440467
440490
440658
440749
440854
440984
441113
441126
441276
441348
441479
441518
441819
441933
442003
442089
442346
442404
442414
442423
442463
442493
442513
442522
442598
442636
442665
442678
442728
442744
442954
443137
443278
443294
443315
443396
443494
443514
443527
443661
443802
443817
444056
444060
444079
444222
444241
444397
444441
444455
444480
444532
444589
444750
444886
444899
444987
445030
445040
445151
445199
445411
445440
445567
445582
445732
445757
445865
445957
445982
446040
446321
446373
446506
446524
446556
446611
446637
446690
446799
446878
446906
447210
447276
447306
447516
448117
448144
448197
448224
448228
448414
448439
448474
448534
448603
448694
448730
448749
448804
448862
448864
448906
449120
449274
449366
449565
449572
449717
449729
449760
449798
449824
449958
450045
450081
450105
450107
450126
450198
450299
450368
450580
450646
450899
450986
451014
451106
451136
451271
451317
451464
451478
451502
451910
452515
452746
452809
452868
452921
453136
453199
453203
453265
453327
453417
453490
453547
453565
453818
453866
453986
454112
454194
454237
454239
454527
454563
454642
454671
454679
454770
454882
454943
454997
455053
455535
455539
455581
455617
455623
455837
455896
456040
456171
456315
456404
456548
456652
456668
456733
456758
456923
456988
457108
457150
457272
457301
457415
457419
457514
457552
457625
457647
457656
458047
458088
458171
458465
458485
458549
458741
458760
459040
459212
459246
459254
459287
459357
459359
459388
459391
459409
459464
459519
459552
459564
459637
459735
459737
459749
460006
460170
460191
460275
460470
460515
460519
460541
460550
460569
460637
460707
460747
461025
461150
461182
461283
461318
461531
461532
461565
461586
461650
461668
461821
461865
461999
462375
462469
462714
462736
462830
462896
462905
463271
463315
463377
463381
463405
463620
463661
463844
464102
464153
464155
464280
464303
464360
464421
464513
464578
464633
464901
465014
465079
465122
465162
465172
465182
465455
465470
465483
465552
465573
465634
465644
465669
465680
465828
465906
465922
465993
466075
466164
466206
466270
466339
466352
466430
466504
466601
466630
466660
466727
466787
467078
467151
467207
467353
467398
467429
467476
467516
467600
467603
467744
467849
467905
468088
468221
468234
468324
468400
468511
468512
468660
468769
468799
469041
469197
469719
469892
470035
470161
470182
470285
470496
470744
470802
470974
471097
471175
471185
471375
471410
471685
471688
471761
471762
471774
471818
471927
471985
472039
472071
472098
472174
472350
472364
472382
472408
472565
472583
472679
472799
472993
473086
473127
473256
473373
473458
473520
473616
473707
473774
473815
473832
473872
473885
473947
473983
474116
474268
474277
474696
474825
474889
474941
474997
475208
475359
475390
475489
475590
475600
475736
475785
475908
476052
476101
476123
476127
476223
476234
476268
476276
476325
476363
476389
476394
476711
476777
476820
476878
476919
476970
476978
477018
477130
477203
477298
477320
477392
477395
477429
477624
477728
478031
478057
478131
478200
478223
478261
478334
478350
478352
478368
478417
478427
478494
478504
478586
478657
478679
478700
478841
478876
478896
478901
478956
479121
479124
479305
479332
479365
479527
479679
479726
479901
479973
479993
480031
480048
480097
480310
480373
480519
480549
480591
480651
480675
480727
480915
481067
481143
481235
481282
481299
481429
481615
481695
481753
481797
481952
482044
482126
482204
482232
482343
482356
482584
482680
482713
483008
483019
483022
483219
483246
483390
483446
483465
483666
483751
483765
483797
483827
483830
484022
484065
484095
484164
484176
484328
484520
484584
484630
484672
484847
484855
484857
485186
485212
485251
485344
485366
485464
485480
485566
485596
485613
485676
485698
485721
485962
485971
485988
486044
486185
486187
486215
486248
486289
486290
486539
486630
486677
486749
486795
487282
487311
487333
487364
487420
487472
487541
487623
487635
487679
487710
487864
488069
488180
488372
488477
488483
488578
488731
488921
488963
489006
489077
489276
489417
489520
489559
489608
489666
489739
489800
489937
490140
490281
490337
490453
490617
490702
490762
490802
490803
490847
490934
491153
491330
491352
491548
491659
491702
491704
491712
491730
491954
491983
492154
492221
492497
492583
492671
492694
492786
492863
492980
493000
493096
493173
493256
493273
493644
493837
493876
493986
494451
494492
494545
494762
494883
494965
494998
494999
495071
495302
495318
495499
495620
495643
495680
496180
496192
496322
496456
496624
496669
496698
496843
496906
497252
497302
497364
497378
497467
497604
497644
497857
498043
498143
498211
498250
498345
498484
498535
498539
498585
498613
498774
498779
498834
498865
499038
499079
499105
499108
499152
499235
499299
499348
499472
499489
499544
499815
499895
499953
500143
500282
500316
500350
500409
500412
500559
500653
500691
500695
500700
500771
500804
500822
500832
500954
501164
501269
501281
501293
501529
501631
501675
501721
502110
502300
502472
502542
502549
502763
502896
503022
503117
503135
503233
503289
503412
503541
503589
503701
504031
504092
504133
504196
504227
504321
504325
504365
504453
504543
504612
504655
504683
504723
504892
504922
505025
505147
505291
505349
505483
505538
505628
505699
505835
505841
505940
505989
506108
506126
506168
506306
506476
506553
506812
506816
506864
506954
506981
507028
507034
507041
507238
507403
507560
507567
507672
507687
507759
507942
508009
508161
508232
508361
508368
508411
508540
508552
508833
508859
509029
509101
509106
509125
509126
509238
509259
509267
509404
509711
509714
509718
509931
510011
510030
510270
510300
510352
510433
510446
510512
510546
510681
510741
510800
510915
510938
510942
511030
511052
511135
511191
511249
511480
511493
511658
511685
511783
511834
511919
512161
512339
512459
512687
512751
512945
512982
512998
513060
513080
513083
513122
513125
513211
513341
513346
513394
513528
513535
513735
513839
513918
513969
514056
514194
514471
514534
514645
514690
515383
515486
515765
515911
515987
516152
516177
516307
516323
516328
516380
516770
516837
516839
516864
516892
516907
516961
517017
517033
517217
517303
517398
517464
517608
517843
517888
518211
518367
518389
518435
518578
518601
518793
519110
519197
519357
519515
519644
519736
519774
519841
519888
520032
520250
520375
520427
520450
520558
520640
520739
520772
520806
520817
520845
520893
520950
520978
521211
521463
521502
521540
521592
521645
521817
521840
521858
521938
521949
522027
522283
522286
522464
522485
522521
522684
522733
522892
522919
522933
523010
523226
523471
523545
523668
523681
523700
523751
523754
523770
523886
523933
523992
524105
524183
524330
524664
524887
524923
524956
525055
525082
525210
525263
525431
525462
525535
525582
525600
525842
525970
526065
526074
526160
526256
526376
526428
526808
526870
526901
526931
527029
527088
527162
527224
527445
527529
527565
527606
527921
528065
528120
528230
528248
528278
528360
528376
528559
528634
528703
528844
528892
528999
529020
529340
529387
529558
529731
529758
529824
529857
529907
530005
530034
530058
530218
530341
530459
530534
530581
531027
531473
531642
531671
531800
531910
532327
532399
532418
532428
532472
532540
532553
532615
532674
532709
532783
532897
532970
532978
533010
533168
533176
533310
533311
533312
533377
533465
533508
533543
533718
533796
533818
533819
533883
533928
533956
534005
534156
534205
534263
534281
534351
534708
534712
534946
535016
535053
535158
535239
535285
535423
535431
535459
535492
535544
535580
535656
535772
535782
535810
535964
536195
536226
536265
536507
536542
536905
536921
536986
537110
537465
537499
537545
537553
537616
537705
537823
537840
538072
538109
538190
538285
538366
538372
538508
538716
538828
538874
538997
539036
539191
539325
539449
539567
539739
539746
539812
539826
539955
540180
540449
540494
540632
540682
540773
541046
541152
541417
541496
541504
541515
541520
541548
541593
541614
541685
541739
541804
541880
541938
541968
542007
542327
542383
542458
542461
542601
542802
543096
543138
543491
543527
543622
543883
543892
543906
544010
544065
544123
544324
544404
544523
544543
544592
544604
544765
544850
544887
544891
544954
545038
545068
545224
545263
545338
545542
545565
545589
545710
545773
545882
545975
546062
546066
546104
546197
546246
546362
546444
546518
546675
546854
546895
546906
547009
547139
547293
547396
547647
547658
547746
547922
547993
548275
548329
548393
548464
548557
548581
548586
548705
548934
549002
549046
549121
549126
549221
549252
549311
549492
549628
549675
549725
549963
549969
550187
550349
550558
550679
550746
550830
550897
551053
551148
551232
551244
551264
551335
551377
551471
551472
551509
551544
551592
551688
551838
552164
552469
552497
552513
552734
552755
552766
552864
552944
552968
553025
553121
553329
553357
553384
553438
553439
553523
553641
553696
553769
553917
554002
554025
554068
554092
554605
554631
554671
554693
554733
554802
554843
554890
555042
555092
555171
555217
555260
555373
555645
555676
555697
555743
555846
556299
556705
556761
556795
556921
557117
557798
557849
558244
558250
558328
558523
558558
558872
558958
558970
559000
559137
559141
559176
559259
559422
559544
559827
559838
559904
559995
560175
560192
560309
560443
560751
560965
561003
561012
561103
561220
561357
561374
561399
561433
561490
561531
561638
561648
561658
562000
562129
562181
562185
562186
562209
562553
562600
562673
562681
562733
562758
562791
562929
563088
563143
563175
563309
563409
563571
563612
563638
563651
563664
563671
563678
563739
563748
563833
563955
564206
564211
564286
564369
564385
564392
564651
564737
564819
565210
565290
565308
565421
565633
565719
566075
566124
566156
566237
566239
566374
566634
566637
566693
566759
566924
566932
566940
567065
567146
567259
567280
567437
567527
567547
567607
567780
567803
567847
567940
568256
568285
568511
568573
568661
568708
568729
568899
568983
569101
569329
569366
569408
569449
569645
569673
569728
569794
569889
570097
570253
570324
570546
570548
570577
570591
570613
570651
570663
570758
570814
570819
570897
570996
571147
571175
571200
571220
571323
572056
572107
572144
572160
572296
572519
572672
572727
572746
572781
572859
572876
572910
572925
573119
573410
573463
573505
573739
573840
573914
574000
574138
574165
574399
574614
574763
574781
574786
574807
574919
574924
574953
574983
575042
575152
575157
575588
575619
575701
576066
576137
576207
576327
576344
576370
576425
576471
576532
576609
576679
576691
576701
576793
576821
576869
576885
576887
576897
576912
576968
576998
577212
577245
577267
577402
577493
577562
577567
577724
577808
577840
577873
578023
578194
578195
578217
578255
578376
578456
578463
578524
578631
578710
578955
578974
579083
579091
579272
579365
579503
579506
579508
579633
579745
579797
579995
580006
580139
580437
580502
580545
580884
580953
581147
581182
581190
581221
581366
581386
581554
581627
581651
581659
581897
581910
581967
582012
582029
582088
582163
582440
582524
582622
582832
583034
583069
583103
583107
583129
583139
583169
583235
583260
583395
583557
583578
583655
583685
583726
583794
583971
583991
584086
584178
584205
584287
584572
584606
584612
584617
584634
584760
584889
584899
584950
584993
585010
585017
585179
585215
585246
585749
585801
585827
585873
586036
586104
586151
586439
586526
586539
586580
586680
586734
586778
586899
586992
587015
587075
587181
587401
587408
587511
587533
587623
587733
587760
587938
588030
588069
588072
588134
588140
588212
588226
588418
588468
588580
588691
588847
588950
588960
589081
589101
589184
589237
589242
589391
589539
589605
589752
589811
589868
589958
590047
590055
590182
590192
590228
590461
590722
591065
591129
591335
591336
591438
591470
591621
591656
591757
591767
591799
591959
592134
592180
592296
592306
592430
592475
592479
592492
592524
592567
592797
592835
592942
593057
593083
593102
593110
593112
593116
593300
593329
593518
593554
593729
593737
593756
593992
594042
594174
594188
594346
594358
594455
594685
594772
594934
594982
595262
595340
595648
595715
595730
595780
595897
596049
596264
596286
596317
596353
596372
596384
596688
596719
596860
596993
597047
597092
597169
597373
597495
597537
597636
597764
597815
597884
598072
598078
598124
598143
598149
598151
598208
598292
598340
598394
598629
598738
598800
598848
598924
599095
599117
599220
599337
599431
599583
599771
599834
600022
600183
600224
600279
600324
600356
600357
600393
600441
600683
600732
600813
601005
601036
601095
601148
601165
601252
601320
601342
601407
601476
601501
601505
601923
602150
602245
602283
602333
602454
602522
602681
602843
602860
602894
602954
602973
602996
603088
603119
603211
603319
603376
603586
603698
603804
603854
604096
604144
604271
604437
604692
604712
604729
604774
604812
605019
605058
605086
605114
605130
605238
605299
605319
605454
605477
605482
605539
605598
605779
605957
605985
606092
606236
606237
606284
606304
606410
606785
606922
607174
607264
607340
607361
607568
607668
607703
607792
607834
607835
607838
607848
607960
607986
608111
608115
608264
608350
608398
608413
608450
608527
608553
608686
608776
608992
609137
609157
609201
609233
609249
609307
609352
609360
609496
609552
609622
609670
609791
609795
609883
609941
610011
610057
610157
610168
610228
610276
610349
610371
610379
610397
610459
610514
610594
610636
610728
610732
610754
610806
610898
610900
611096
611232
611298
611401
611623
611664
611773
611973
612256
612331
612481
612597
612633
612792
612869
612954
613139
613234
613584
613822
613947
613959
613997
614062
614230
614278
614287
614482
614633
614669
614962
614985
615053
615101
615122
615290
615321
615348
615476
615645
615657
615785
615853
616131
616159
616186
616254
616360
616362
616403
616533
616695
616980
617120
617237
617267
617336
617407
617478
617497
617524
617648
617889
618228
618267
618343
618487
618676
618686
618888
618994
619051
619131
619262
619296
619399
619716
619887
620131
620143
620191
620288
620438
620680
620853
620979
621034
621049
621171
621244
621260
621358
621416
621453
621482
621544
621679
621776
621788
621876
622089
622165
622248
622286
622422
622508
622694
622750
622875
623123
623141
623146
623199
623233
623311
623344
623462
623491
623808
623819
624229
624245
624280
624311
624335
624424
624609
624686
625013
625111
625310
625343
625361
625375
625386
625748
625820
625918
625947
625990
626115
626122
626205
626284
626314
626344
626477
626511
626592
626783
626817
626874
626985
627017
627039
627329
627347
627428
627482
627511
627690
627694
627848
627865
628069
628270
628281
628320
628379
628732
628798
628997
629066
629262
629263
629273
629318
629320
629542
629667
629832
629878
629938
629965
630013
630050
630078
630151
630173
630185
630341
630465
630499
630653
630713
630843
630855
630870
631240
631448
631632
631665
631709
631934
632129
632230
632365
632410
632445
632500
632545
632574
632773
632916
632952
633182
633259
633290
633423
633432
633497
633643
633812
633851
633986
634015
634116
634148
634183
634214
634245
634417
634521
634560
634605
634785
634799
634840
634903
635004
635015
635284
635354
635416
635608
635660
635715
635805
635837
635868
635935
636166
636191
636409
636474
636526
636666
636681
636878
637250
637307
637388
637559
637630
637796
637826
637833
638049
638089
638099
638288
638294
638453
638645
638805
638891
638963
639028
639036
639065
639075
639241
639285
639332
639493
639740
639743
639761
639770
639841
639875
640011
640035
640040
640108
640190
640215
640528
640554
640582
640830
640911
641039
641116
641181
641319
641456
641524
641529
641662
641688
641783
641828
642172
642236
642273
642538
642679
642758
642845
642849
643090
643106
643235
643302
643322
643381
643386
643470
643472
643520
643679
643822
643838
643884
643959
644155
644426
644656
644663
644701
644985
645010
645123
645143
645224
645276
645279
645301
645331
645529
645560
645603
645650
645718
645860
645982
646063
646133
646167
646176
646193
646289
646318
646345
646419
646464
646941
646945
647013
647042
647168
647234
647271
647587
647609
647666
647755
648177
648228
648236
648266
648407
648434
648779
649090
649156
649334
649390
649630
649683
650201
650258
650359
650465
650487
650732
650758
650925
650989
651051
651054
651094
651253
651285
651393
651518
651558
651646
651777
651963
652000
652140
652162
652223
652341
652365
652437
652558
652644
652646
652689
652884
653073
653153
653181
653266
653378
653395
653499
653677
653842
654028
654210
654223
654443
654465
654566
654570
654581
654713
654768
655058
655101
655196
655249
655423
655575
655655
655794
655803
655879
655897
655908
656074
656239
656373
656683
656884
656925
656929
657072
657085
657108
657188
657260
657342
657442
657657
657683
657939
658158
658333
658361
658484
658548
658592
658769
658818
658836
658917
658922
659015
659090
659253
659337
659406
659430
659924
660032
660088
660123
660170
660224
660327
660484
660554
660556
660606
660608
660677
660753
660971
661041
661047
661185
661232
661283
661719
661731
661753
661847
661849
661916
661937
662061
662113
662136
662150
662161
662164
662270
662307
662502
662582
662695
662790
662828
662960
662970
663033
663167
663277
663280
663287
663406
663421
663440
663468
663476
663740
663776
663835
663850
663883
663923
663954
663980
664127
664133
664402
664465
664543
664634
664683
664709
664947
665011
665220
665293
665515
665738
665855
665905
666068
666149
666181
666213
666317
666370
666422
666430
666650
666664
666682
666707
666812
666828
666834
666930
666965
667032
667100
667112
667174
667211
667648
667806
667856
667862
668100
668121
668128
668244
668656
668680
668745
668755
668883
668926
669082
669275
669434
669935
670236
670303
670328
670334
670339
670498
670640
670709
670869
670974
671091
671159
671196
671295
671343
671355
671408
671443
671468
671487
671721
671769
671907
671937
671954
672055
672152
672164
672256
672318
672405
672416
672433
672603
672627
672635
672806
672835
672959
673035
673376
673546
673638
673777
673838
673897
673900
674114
674161
674170
674216
674294
674349
674418
674451
674503
674577
674645
675101
675385
675447
675462
675510
675637
675834
675955
675962
675986
675998
676091
676243
676303
676418
676643
676662
676728
676752
676842
676949
677042
677082
677135
677207
677217
677222
677367
677416
677441
677730
678063
678366
678390
678421
678431
678491
678697
678834
679124
679157
679170
679190
679505
679518
679523
679605
679676
679704
679782
679886
679971
679998
680057
680070
680077
680139
680325
680342
680363
680402
680482
680494
680495
680513
680734
680891
681010
681013
681074
681121
681245
681332
681357
681494
681594
681658
681771
681880
681958
681974
681989
682117
682140
682161
682189
682202
682210
682231
682365
682385
682387
682475
682696
682802
682953
683101
683242
683401
683520
683562
683959
684051
684096
684168
684261
684328
684351
684444
684458
684465
684484
684763
684821
684857
684873
684883
685034
685035
685181
685235
685294
685312
685334
685419
685527
685624
685668
685771
685785
685859
685936
685991
686066
686279
686302
686394
686421
686448
686524
686698
686703
686801
686827
686856
687083
687127
687255
687386
687462
687475
687580
687722
687800
688031
688075
688206
688600
688718
688768
688769
688785
688893
688934
689103
689142
689267
689327
689338
689376
689393
689437
689455
689498
689678
690153
690172
690250
690287
690537
690544
690789
690872
690935
690950
691159
691257
691272
691449
691450
691471
691669
691745
691748
691761
691839
691872
691959
692018
692128
692133
692152
692231
692338
692607
692670
692683
692704
692757
692794
693002
693148
693167
693722
693726
693808
693828
693874
693884
694002
694020
694144
694165
694294
694366
694427
694632
694724
694801
694867
694869
695176
695226
695398
695454
695462
695523
695585
695912
695923
695926
695944
695948
695961
696047
696055
696065
696107
696201
696221
696445
696523
696547
696612
696789
696816
696970
696994
697135
697162
697205
697225
697330
697343
697627
697670
697792
697825
698108
698274
698309
698313
698399
698557
698660
698674
698677
698741
698781
698834
698882
698972
699013
699081
699164
699322
699544
699759
699778
699835
700069
700188
700193
700266
700290
700631
700659
700691
700719
700720
700819
700858
700987
700997
700999
701010
701118
701174
701179
701219
701562
701572
701616
701635
701715
701851
701949
702096
702323
702479
702499
702524
702567
702591
702640
702743
702944
703045
703240
703326
703491
703560
703566
703595
703759
703924
704000
704135
704373
704467
704770
704925
705096
705183
705400
705469
705481
705571
705600
705612
705756
705857
705866
705973
706128
706400
706492
706650
706777
706807
706835
706862
706864
706996
707169
707270
707310
707315
707351
707628
707740
707751
708088
708100
708259
708278
708545
708602
708649
708658
708714
708783
708900
709048
709217
709426
709534
709771
709777
709820
709834
709854
709870
709957
710066
710324
710646
710680
710854
710986
711051
711113
711215
711336
711497
711605
711678
711778
711863
711966
712061
712142
712210
712335
712428
712434
712629
712752
712833
712893
712916
713004
713044
713523
713946
714020
714027
714248
714293
714496
714636
714851
714859
714997
715047
715406
715415
715417
715561
715608
715667
715670
715671
715782
715835
715849
715911
716061
716074
716245
716305
716648
716739
716933
716960
717071
717203
717209
717489
717622
717682
717702
717875
718020
718056
718090
718106
718154
718192
718394
718766
719014
719053
719376
719518
719530
719739
719791
719800
719937
719946
719990
720086
720118
720126
720239
720243
720411
720562
720677
720826
721411
721494
721506
721537
721671
721682
721789
721800
721872
721957
721997
722116
722182
722203
722214
722237
722295
722354
722407
722577
722660
722676
722943
722978
723061
723140
723160
723187
723423
723581
723750
723774
723778
723920
724014
724153
724364
724448
724486
724544
724556
724719
725024
725025
725052
725073
725083
725207
725295
725331
725471
725491
725509
725567
725570
725758
725771
725916
726008
726107
726214
726288
726304
726313
726413
726657
726731
726746
726858
726999
727015
727692
727790
727855
728054
728074
728102
728452
728523
728553
728742
728849
728894
729013
729109
729140
729151
729238
729253
729402
729495
729636
729658
730033
730051
730077
730164
730185
730229
730355
730501
730620
730682
730757
730818
730853
730893
731048
731100
731229
731263
731361
731389
731409
731476
731634
731683
731715
731720
731725
731865
731886
731939
731983
731991
732289
732306
732321
732372
732545
732642
732706
732715
732871
732897
732960
733034
733040
733129
733132
733161
733530
733714
733803
733874
733899
733929
733970
733998
734178
734219
734342
734554
734668
734933
734955
734958
735015
735191
735262
735290
735387
735566
735768
735818
735885
736089
736156
736363
736540
736662
736791
736822
736871
736934
737028
737255
737402
737489
737512
737581
737582
737700
737704
737725
737926
737955
738067
738286
738300
738347
738471
738489
738552
738572
738666
739109
739119
739213
739348
739359
739461
739480
739602
739633
739709
739911
739927
740057
740354
740469
740530
740683
740830
740915
741156
741171
741265
741496
741604
741671
741719
741847
741938
741964
742001
742083
742128
742129
742410
742537
742912
742982
743111
743123
743127
743154
743195
743227
743398
743414
743465
743505
743519
743636
743729
743792
744035
744085
744090
744212
744240
744319
744343
744362
744377
744434
744556
744683
744949
745108
745304
745378
745698
745804
745886
745887
746006
746038
746165
746216
746224
746265
746420
746675
746986
747059
747130
747729
747758
747870
747897
747989
748059
748229
748267
748360
748648
748820
748842
748903
748912
749172
749327
749336
749348
749471
749494
749586
749638
749659
749690
750061
750103
750130
750134
750311
750375
750412
750441
750462
750600
750637
750657
750712
750988
751013
751038
751126
751262
751269
751273
751452
751486
751523
751539
751736
751771
751786
751872
751919
752077
752130
752220
752236
752458
752466
752471
752482
752485
752609
752831
752834
752902
753076
753135
753190
753473
753569
753623
753683
753686
753711
753761
753837
753952
753992
754118
754193
754258
754546
754566
754584
754595
754655
754686
754796
754809
754952
754969
755134
755155
755169
755197
755209
755324
755564
755640
755711
755930
756628
756730
756815
756818
756906
756998
757047
757060
757088
757099
757355
757375
757489
757493
757538
757552
757641
757672
757677
757893
757957
758014
758020
758025
758066
758102
758139
758244
758287
758377
758402
758518
758529
758593
758613
758626
758656
758706
758928
759219
759284
759551
759600
759650
759692
759776
759920
760034
760215
760358
760423
760449
760687
760708
760729
760731
760749
760835
760970
760982
761096
761140
761225
761226
761285
761429
761493
761564
761656
761690
761700
761722
761723
761755
761805
761845
762030
762056
762071
762249
762394
762395
762569
762570
762584
762664
762749
762762
762928
762973
762999
763014
763050
763053
763164
763281
763351
763352
763362
763446
763462
763677
763689
763837
763854
763864
763961
764298
764451
764512
764659
764693
764813
765016
765256
765359
765417
765490
765572
765692
765808
765951
766066
766130
766607
766678
766699
766802
767000
767030
767083
767236
767239
767305
767714
767738
767762
767823
767867
767915
767926
768049
768074
768176
768196
768235
768329
768530
768551
768782
768857
768925
768943
768998
769130
769154
769195
769257
769286
769569
769797
769901
770040
770211
770229
770239
770482
770488
770490
770503
770623
770644
770655
770669
770720
770773
771173
771430
771511
771521
771608
771753
771756
771808
771894
771958
772029
772044
772082
772164
772231
772239
772269
772282
772367
772437
772457
772490
772560
772692
772707
772802
772804
772889
772891
773212
773233
773243
773363
773382
773435
773618
773647
773706
773906
773913
773947
773962
774090
774091
774431
774445
774775
774782
774846
774849
774851
774904
774944
775063
775105
775116
775265
775266
775272
775326
775352
775373
775528
775768
775770
775832
775908
776038
776096
776112
776119
776208
776212
776271
776485
776562
776574
776722
776816
776824
777261
777430
777497
777599
777605
777630
777714
777775
777805
777880
777883
777907
777993
778034
778064
778085
778170
778356
778425
778552
778899
778943
779038
779086
779150
779263
779265
779279
779603
779683
779727
780041
780072
780074
780300
780417
780459
780503
780532
780624
780651
780730
780733
780898
781032
781063
781158
781182
781210
781224
781358
781397
781448
781493
781574
781654
781655
782138
782241
782442
782888
782930
783034
783275
783459
783542
783765
783768
783789
783795
783956
784022
784067
784357
784373
784397
784440
784537
784575
784744
784840
784859
784896
784907
785250
785444
785574
785596
785656
785765
786041
786133
786298
786353
786726
786833
786866
787037
787464
787519
787675
787758
787778
787877
788068
788107
788291
788405
788521
788610
788615
788713
788911
788951
788976
789007
789024
789419
789531
789676
789754
789825
789833
790062
790130
790309
790311
790539
790743
790763
790776
790861
790922
791062
791268
791504
791611
791616
791651
791953
792030
792040
792055
792082
792235
792259
792310
792646
792684
792744
792776
792882
792958
792989
793247
793284
793339
793346
793500
793539
793609
793996
793999
794066
794472
794602
794730
794815
795036
795090
795250
795292
795376
795612
795736
795869
795899
795905
796053
796112
796177
796441
796460
796853
797033
797287
797327
797344
797382
797424
797604
797620
797632
797673
797755
797775
797817
797885
797895
797902
797942
797958
798052
798076
798310
798342
798419
798516
798549
798636
798723
798739
798780
798830
799003
799030
799192
799205
799275
799288
799468
799841
799925
799937
799979
800018
800036
800359
800523
800657
800716
800734
800880
800946
800957
800995
801003
801196
801203
801307
801327
801528
801723
801741
801829
801971
801984
802016
802020
802175
802176
802554
802749
802784
802815
802966
803054
803124
803190
803263
803407
803436
803468
803513
803514
803534
803545
803774
803990
804090
804127
804258
804333
804401
804404
804477
804605
804650
804813
804845
804859
804890
804899
804900
804996
804999
805029
805068
805124
805207
805308
805395
805462
805637
805650
805683
805754
805892
806145
806202
806295
806395
806402
806416
806555
806572
806602
806705
806755
806785
807021
807023
807092
807336
807355
807528
807610
807721
807881
807942
807986
808368
808378
808437
808689
808765
808868
808879
808918
808922
808954
809150
809369
809496
809529
809549
809577
809646
809769
809876
809877
810080
810265
810472
810568
810590
810781
810886
810902
810966
811034
811087
811131
811248
811297
811309
811339
811346
811397
811531
811650
811674
811715
811781
812080
812093
812186
812211
812458
812470
812538
812565
812615
812734
812751
812808
812829
812990
813012
813051
813425
813445
813709
813890
814033
814056
814215
814289
814293
814355
814364
814459
814515
814619
814679
814704
814980
815060
815098
815112
815163
815182
815305
815425
815515
815544
815566
815817
815864
816103
816201
816349
816359
816410
816419
816469
816487
816592
816686
816874
816904
817163
817187
817254
817315
817503
817563
817617
817628
817710
817746
817843
818031
818070
818203
818250
818293
818301
818408
818489
818657
818708
818740
818821
818891
818968
819014
819056
819540
819555
819605
819670
819694
819760
819767
819846
819867
819920
819949
819993
820005
820366
820538
820647
820652
820754
820867
820873
821217
821446
821475
821643
821654
821739
821890
821899
821996
822003
822140
822148
822320
822322
822357
822486
822493
822666
822862
822882
822966
822987
822993
823326
823929
823932
823953
823978
824011
824012
824148
824165
824456
824459
824555
824566
824636
824676
824688
824731
824859
824882
824962
825062
825076
825105
825106
825156
825228
825271
825305
825407
825432
825497
825538
825593
825703
825921
825927
825986
826028
826074
826152
826176
826441
826521
826608
826782
826871
826921
827329
827395
827435
827450
827796
827845
827855
827967
828027
828354
828797
828962
829294
829323
829346
829668
829786
829835
829960
829961
830085
830116
830310
830341
830413
830478
830554
830619
830635
830755
830787
831035
831151
831367
831400
831505
831567
831619
831726
831732
831796
831820
832131
832178
832389
832590
832618
832935
832954
833087
833147
833300
833319
833468
833680
833870
834254
834318
834373
834575
834649
834678
834816
834894
835034
835112
835297
835369
835424
835553
835688
835831
835911
836215
836308
836396
836675
836762
836904
836924
836961
836989
837104
837186
837303
837356
837617
837876
837980
837998
838076
838159
838293
838398
838427
838434
838502
838669
838752
838773
838877
838949
838970
838997
839007
839079
839134
839310
839386
839748
839995
840066
840082
840111
840127
840324
840352
840371
840443
840545
840550
840558
840569
840679
840899
841006
841140
841244
841264
841268
841357
841382
841448
841745
841810
841872
841918
841995
842019
842022
842043
842091
842127
842248
842342
842426
842769
842920
843081
843106
843181
843314
843417
843431
843461
843561
843677
843859
843862
843867
843903
843955
844049
844064
844071
844109
844149
844156
844203
844295
844416
844756
844878
844902
844993
845026
845044
845173
845249
845329
845504
845576
845672
845711
845835
846140
846185
846212
846768
847022
847171
847218
847529
847565
847578
847639
847802
847856
848020
848075
848080
848213
848229
848308
848360
848490
848652
848730
849303
849307
849492
849558
849768
849927
849930
850039
850076
850117
850164
850183
850317
850354
850366
850400
850457
850492
850539
850704
850795
850841
851033
851307
851312
851408
851441
851566
851674
851771
851776
851848
851953
852048
852377
852399
852481
852520
852560
852639
852691
852859
853056
853143
853296
853325
853375
853378
853566
853597
853633
853693
853822
853877
853929
853938
853953
854259
854360
854404
854439
854533
854630
854833
854883
854939
854956
855073
855224
855307
855367
855382
855446
855520
855578
855687
855716
855875
855936
856031
856179
856248
856308
856352
856533
856571
856633
856645
856746
856795
856879
856887
856928
856940
856962
857077
857111
857295
857330
857560
858226
858530
858583
858624
858952
859000
859149
859168
859172
859230
859271
859329
859335
859343
859499
859530
859619
859686
859724
859936
859954
859962
859985
860051
860149
860307
860428
860496
860545
860565
860579
860587
860616
860650
860657
860670
860807
860814
861039
861099
861152
861276
861306
861589
861617
861692
861779
861796
861855
861879
861903
861908
861948
862024
862252
862351
862421
862467
862491
862513
862544
862585
862632
862854
862860
862913
862957
863039
863054
863180
863307
863362
863399
863426
863445
863497
863564
863715
863809
864011
864047
864079
864116
864197
864344
864348
864448
864522
864656
864682
864709
865444
865563
865568
865579
865663
865710
865787
865964
866002
866029
866088
866134
866163
866186
866252
866303
866388
866402
866416
866433
866500
866627
866652
866662
866807
866844
866936
867056
867076
867080
867111
867270
867329
867382
867534
867676
867707
867768
867798
867884
868059
868172
868366
868488
868541
868579
868606
868656
868688
868716
868895
868906
868914
868934
868987
869042
869243
869299
869305
869324
869377
869383
869583
869587
870320
870329
870330
870521
870549
870661
870775
870850
870863
870899
870961
871024
871091
871125
871308
871382
871700
871747
871839
872075
872113
872145
872186
872364
872395
872419
872425
872525
872566
872606
872619
872704
872794
872812
872998
873322
873636
873775
873836
873845
874073
874292
874429
874594
874610
874632
874684
874854
874863
874866
874922
875021
875150
875339
875378
875384
875487
875545
875627
875635
875674
875831
875871
875993
876076
876092
876109
876150
876316
876444
876671
876749
876792
876811
876906
877265
877351
877550
877728
877833
877847
877893
878321
878333
878377
878554
878635
878744
878759
879067
879105
879134
879209
879289
879345
879471
879500
879548
879565
879605
879664
879754
879827
879879
879982
880042
880137
880444
880464
880523
880641
880687
880760
880852
880940
880949
881016
881072
881324
881347
881349
881367
881474
881547
881580
881675
881697
882063
882111
882248
882399
882509
882518
882576
882754
882803
882846
882871
882888
882941
883040
883281
883406
883513
883548
883803
883995
884049
884331
884389
884436
884444
884445
884464
884468
884843
884854
884913
884947
885055
885072
885103
885112
885177
885225
885305
885532
885636
885853
885964
886193
886204
886212
886315
886342
886487
886530
886575
886628
886696
886954
887042
887103
887263
887686
887814
887820
887824
887861
887914
887996
888081
888086
888094
888289
888382
888476
888483
888551
888869
889030
889104
889147
889250
889301
889364
889578
889602
889635
889795
889945
890079
890097
890273
890372
890421
890423
890617
890670
890698
890752
890812
890859
890881
891045
891057
891115
891193
891215
891244
891340
891353
891517
891615
891674
891768
891771
891997
892000
892064
892079
892080
892138
892236
892300
892369
892383
892526
892633
892643
892740
892833
892898
893035
893058
893137
893143
893441
893450
893479
893660
893680
893795
893805
893956
893963
894084
894090
894228
894231
894371
894461
894520
894556
894649
894700
894718
894753
894872
894888
894995
895090
895257
895406
895479
895556
895598
895893
895897
895920
896055
896347
896392
896413
896483
896581
896635
896679
896686
896710
896803
896994
897055
897154
897160
897183
897309
897347
897392
897589
897599
897716
897721
897776
897793
897804
898024
898179
898193
898359
898553
898619
898762
898825
898856
898899
899011
899026
899119
899166
899213
899214
899327
899482
899488
899490
899500
899815
899909
899917
899987
900015
900122
900128
900155
900269
900277
900416
900468
900695
900751
900802
900824
900825
900843
900900
900904
900932
901015
901035
901105
901119
901121
901136
901193
901197
901228
901265
901371
901543
901572
901649
902008
902043
902216
902231
902235
902508
902570
902583
902703
902741
902828
903000
903026
903031
903073
903126
903192
903262
903322
903359
903505
903547
903662
903709
903946
904104
904134
904206
904236
904287
904515
904651
904733
904736
904775
905272
905293
905298
905348
905547
905565
905696
906006
906224
906340
906389
906505
906510
906691
906841
906953
907112
907195
907306
907398
907410
907425
907484
907609
907688
907756
908080
908271
908287
908303
908654
908799
908898
908984
909038
909134
909249
909395
909894
910080
910233
910426
910720
910906
911018
911027
911031
911039
911107
911220
911253
911266
911428
911522
911532
911586
911674
911930
912018
912022
912186
912308
912372
912603
912715
912780
912828
913015
913038
913113
913127
913249
913250
913326
913393
913425
913472
913528
913574
913586
913604
914128
914142
914265
914346
914350
914444
914467
914576
914844
914864
914967
915060
915078
915090
915119
915129
915187
915273
915285
915376
915553
915631
915724
915793
915908
915980
916078
916236
916399
916481
916624
916652
916655
917131
917383
917495
917516
917552
917577
917581
917668
917898
917953
918123
918180
918398
918480
918587
918773
918787
918829
919127
919201
919355
919412
919478
919571
919574
919593
919649
919661
919680
919728
919879
919921
920004
920010
920126
920154
920174
920201
920202
920245
920260
920269
920288
920293
920350
920525
920654
920748
920825
920899
921000
921051
921084
921259
921360
921570
921610
921691
921818
921820
921836
921849
922009
922111
922143
922202
922217
922370
922397
922525
923165
923179
923235
923243
923606
923613
923659
923695
923864
923878
923915
924005
924038
924097
924143
924153
924212
924347
924361
924403
924417
924493
924537
924688
924721
924825
924859
925042
925399
925504
925554
925567
926134
926236
926378
926411
926442
926453
926564
926679
926714
926754
927010
927054
927095
927222
927644
927705
927867
927873
927937
928055
928058
928090
928238
928250
928341
928718
928740
928914
929167
929189
929232
929260
929374
929421
929479
929480
929553
929650
929824
929869
929871
929921
930002
930566
930724
930770
930782
930983
931270
931373
931415
931462
931508
931511
931619
931628
931661
931705
931755
931816
931826
931889
932051
932150
932247
932284
932302
932373
932450
932503
932520
932585
932658
932662
932818
933006
933215
933305
933365
933380
933561
933759
933839
933923
933951
934050
934052
934089
934099
934193
934259
934398
934503
934726
934762
934859
934898
934929
935361
935410
935484
935684
935693
935758
935807
935883
936005
936043
936164
936302
936332
936361
936395
936439
936562
936584
936744
936881
936888
936965
937200
937267
937287
937308
937315
937453
937469
937478
937592
937628
937686
937799
937834
937940
938058
938141
938295
938413
938467
938569
938593
938627
938727
938736
938770
938820
938848
939020
939058
939098
939121
939263
939340
939353
939370
939426
939443
939756
939923
940084
940227
940273
940367
940470
940604
940640
940725
940760
940798
940809
940911
940919
941027
941136
941153
941224
941388
941484
941534
941608
941669
941689
941751
941845
941888
941926
941990
941994
942050
942055
942067
942325
942483
942639
942640
942676
942748
942821
942976
943005
943115
943275
943346
943382
943414
943415
943427
943460
943762
943823
944128
944179
944202
944316
944322
944326
944352
944370
944376
944490
944501
944579
944607
944654
944737
944743
944809
944938
945015
945038
945085
945162
945234
945280
945326
945388
945391
945486
945511
945616
945687
945855
945863
945959
945994
946330
946365
946478
946576
946578
946581
946644
946768
946787
946955
946960
947006
947049
947200
947243
947300
947461
947630
947708
947773
947920
948033
948043
948076
948130
948195
948315
948325
948346
948415
948704
948779
948873
948903
949034
949063
949123
949153
949186
949199
949208
949454
949628
949773
949789
949806
949863
949934
950186
950212
950325
950331
950401
950453
950491
950653
950714
950718
950818
950983
951014
951079
951083
951149
951205
951228
951296
951432
951622
951707
951897
952083
952236
952310
952366
952497
952584
952622
952696
952909
953089
953175
953198
953252
953286
953325
953574
953730
953800
953899
954091
954261
954424
954475
954607
954653
954682
954685
954702
954724
954801
954993
955001
955034
955110
955129
955302
955342
955446
955530
955676
955895
956292
956372
956424
956449
956465
956824
956916
956924
956939
957028
957232
957295
957404
957410
957488
957703
957769
957824
957835
957973
958001
958005
958025
958110
958152
958232
958252
958271
958451
958488
958649
958653
958702
958950
958953
958995
959020
959022
959163
959278
959309
959380
959568
959778
959807
959888
960010
960170
960229
960320
960365
960386
960412
960466
960532
960687
960825
960851
960913
960949
961007
961244
961304
961310
961366
961369
961394
961420
961450
961486
961567
961672
961755
961762
961908
962079
962096
962100
962118
962555
962583
962656
962831
962925
963098
963448
963449
963736
963868
963972
964002
964082
964243
964262
964274
964283
964393
964530
964560
964585
964587
964623
964630
964732
964990
965197
965225
965250
965277
965299
965343
965400
965465
965572
965633
965711
965773
965782
965926
966025
966062
966143
966153
966272
966279
966509
966528
966531
966566
966590
966778
966811
966820
966909
967132
967243
967320
967446
967603
967707
967759
967782
967816
967843
968058
968062
968233
968244
968320
968420
968470
968649
968763
968801
968806
968852
969024
969108
969147
969341
969542
969554
969615
969825
969915
969962
970099
970108
970168
970188
970245
970246
970267
970277
970349
970383
970474
970540
970844
971043
971073
971187
971272
971519
971551
971619
971624
971649
971720
971733
971779
971887
971933
972011
972066
972173
972180
972182
972246
972877
973013
973016
973031
973072
973095
973153
973223
973247
973265
973279
973353
973378
973425
973466
973527
973718
973834
973840
973930
973962
974140
974176
974218
974310
974349
974354
974447
974580
974662
974946
974956
975043
975100
975197
975215
975355
975532
975632
975693
975738
975833
975854
975936
976201
976224
976246
976321
976327
976347
976411
976455
976510
976723
976826
976845
976974
977012
977024
977231
977349
977366
977459
977720
978151
978258
978537
978567
978643
978738
978743
978843
978921
979168
979171
979358
979385
979451
979516
979545
979583
979810
979811
979817
979827
979857
979932
979994
980021
980267
980422
980427
980489
980502
980503
980530
980664
980731
980777
980909
980945
981001
981043
981081
981138
981322
981371
981403
981476
981594
981610
981617
981766
981871
981885
981910
981912
982018
982041
982042
982079
982164
982316
982384
982423
982428
982539
982549
982658
982666
982749
982887
982893
982918
982991
983141
983359
983386
983414
983441
983448
983486
983493
983634
983652
983681
984309
984346
984390
984428
984433
984538
984566
984677
984767
984790
984895
984918
984982
985108
985372
985420
985432
985439
985626
985702
985727
985743
985817
985836
985932
986158
986180
986189
986338
986386
986392
986581
986712
986732
986816
986821
986875
987110
987258
987275
987430
987514
987547
987596
988128
988227
988278
988309
988512
988561
988580
988600
988761
988784
988951
989267
989296
989298
989474
989496
989712
989770
989895
990010
990111
990116
990125
990377
990391
990504
990538
990605
990612
990879
990891
991304
991352
991385
991415
991512
991549
991637
991769
991833
991901
992090
992308
992453
992509
992630
992672
992772
992801
992810
992844
992900
992927
992982
993066
993254
993255
993343
993431
993495
993588
993741
993759
993774
993823
993900
994030
994339
994377
994385
994433
994456
994653
994694
994746
994926
994982
995295
995367
995461
995485
995492
995750
995767
995926
995976
995978
996106
996226
996242
996245
996313
996420
996421
996489
996558
996563
996573
996599
996640
996662
996713
996888
996957
997154
997169
997200
997259
997485
997732
997759
997764
997798
997808
997939
997948
998078
998082
998115
998173
998174
998291
998399
998423
998424
998437
998583
998637
998645
998728
998753
998924
998940
998987
999020
999208
999212
999249
999431
999932