113052
140896
149655
151975
152208
156072
160742
163235
165451
190853
213284
215455
222677
229933
232065
240937
247345
259293
274091
276985
279748
280289
287012
288509
304715
306200
327982
349491
379099
379578
395392
406610
415547
437696
444018
449640
458854
460334
461042
461970
472407
496839
502700
523023
528199
535819
539784
545155
588886
597904
598651
601786
606531
611127
637655
639896
651540
656903
659788
666148
692472
708220
715108
718958
720252
730311
753403
772303
793807
807468
813017
818544
819746
823662
826008
826373
827676
833511
839248
839923
842222
844698
858839
870503
878098
879299
879349
880376
884697
897614
904875
924222
929411
961360
963988
970900
971500
972433
981734
996453