100076
100104
100118
100232
100330
100375
100426
100438
100458
100752
100803
100803
100878
101021
101027
101120
101277
101392
101445
101457
101661
101715
101728
101764
101779
101845
101931
101987
101994
101994
101998
102013
102036
102112
102138
102262
102586
102589
102963
102999
103031
103223
103444
103461
103593
103722
103780
103869
103912
103936
104041
104062
104486
104521
104597
104615
104645
104712
104966
105195
105240
105593
105720
105766
105786
105808
105826
105877
105914
105924
105941
106039
106115
106125
106347
106437
106472
106480
106595
106798
106844
106872
106902
106917
106939
106945
106964
107024
107049
107063
107215
107259
107339
107357
107510
107550
107785
107822
107824
107955
107974
108162
108213
108304
108354
108364
108489
108495
109059
109137
109138
109322
109484
109558
109612
109624
109766
109790
109924
109984
110191
110235
110437
110449
110478
110489
110561
110617
110783
110866
111094
111141
111187
111199
111387
111702
111774
111922
112050
112076
112228
112352
112451
112474
112535
112693
112697
112744
112776
112924
112934
113005
113013
113031
113239
113394
113444
113556
113666
113712
113761
113774
113796
113840
113842
113860
113992
114030
114119
114121
114182
114186
114191
114204
114369
114391
114489
114566
114727
114742
114834
114835
114838
114907
114987
115200
115400
115412
115434
115495
115639
115699
115719
115867
116017
116179
116210
116294
116330
116554
116585
116851
116949
116985
117028
117087
117328
117348
117539
117613
117646
117867
118218
118281
118332
118349
118467
118542
118610
118626
118665
118785
119037
119108
119168
119183
119207
119345
119443
119490
119515
119571
119620
119639
119782
119840
119848
119947
120187
120517
120598
120703
120730
121154
121205
121210
121264
121495
121542
121579
121652
121659
121731
122077
122131
122146
122185
122264
122284
122316
122490
122561
122642
122659
122862
122868
122872
122921
122936
123081
123207
123331
123378
123409
123431
123537
123563
123652
123732
123802
123818
123846
124169
124179
124326
124373
124729
124905
125059
125115
125195
125395
125419
125516
125829
125921
125978
126245
126289
126615
126628
126647
127018
127138
127471
127579
127588
127636
127687
127850
127912
128002
128020
128048
128239
128262
128341
128398
128440
128633
128668
128713
128728
128854
128901
128957
129102
129180
129279
129328
129402
129412
129425
129677
129911
129948
129959
129995
130224
130263
130310
130457
130523
130705
130729
131328
131541
131584
131593
131652
131750
131874
131953
132043
132105
132115
132183
132317
132352
132356
132501
132605
132613
132768
132779
133151
133397
133537
133582
133714
133961
133971
133985
134225
134276
134528
134547
134547
134587
134606
134761
135067
135089
135110
135154
135337
135446
135449
135683
135798
135862
135871
136071
136170
136190
136221
136274
136395
136446
136635
136638
136664
136712
136743
136755
136767
136803
136818
136857
136940
136950
137056
137060
137147
137172
137274
137424
137433
137539
137550
137569
137578
137667
137670
137676
137733
137775
137971
138010
138133
138372
138382
138545
138606
138848
139001
139048
139101
139119
139235
139372
139433
139524
139698
139728
139780
139919
139999
140068
140278
140303
140317
140362
140398
140603
140763
140864
140969
140983
141048
141163
141260
141285
141335
141434
141526
141794
141798
141883
142129
142269
142300
142364
142742
142743
142803
142827
142906
142922
142945
143141
143212
143285
143466
143538
143661
143696
143710
143843
143857
144003
144003
144273
144315
144396
144424
144530
144988
145117
145220
145348
145362
145368
145477
145535
145705
145906
146087
146139
146177
146295
146392
146501
146646
146724
146810
146822
147011
147255
147266
147558
147582
147599
147622
147783
148274
148373
148431
148432
148479
148526
148553
148625
148810
148864
149032
149208
149538
149561
149834
149876
149905
150166
150322
150477
150479
150524
150648
150758
150898
150920
150945
151285
151420
151475
151506
151560
151734
151953
151976
152047
152368
152567
152645
152673
152689
152707
152906
152909
152999
153054
153074
153088
153114
153222
153360
153412
153428
153644
153682
153725
153927
153978
154016
154100
154149
154152
154344
154550
154578
154744
154755
155009
155320
155431
155442
155474
155479
155674
155975
156074
156118
156143
156179
156183
156220
156437
156479
156604
156760
156763
156889
156905
157017
157098
157309
157457
157572
157694
157722
157870
157888
158005
158101
158182
158252
158267
158275
158290
158334
158426
158487
158580
158601
158626
158661
158697
158979
159019
159085
159182
159287
159331
159332
159345
159422
159463
159640
159703
159870
159934
159939
159965
159965
160025
160048
160150
160288
160322
160341
160583
160655
160673
160781
161051
161101
161213
161328
161336
161533
161662
162027
162028
162033
162175
162281
162419
162504
162552
162624
162758
162763
162935
163385
163403
163456
163462
163465
163523
163600
163722
163727
163812
163888
163955
164012
164032
164040
164288
164367
164434
164534
164713
164796
164923
164992
165114
165284
165330
165676
165841
165974
165976
166067
166075
166152
166159
166249
166280
166377
166426
166466
166513
166572
166699
166741
166776
166809
166878
166890
166901
166957
167176
167348
167502
167524
167538
167585
167700
167853
167890
167954
167962
167979
167999
168022
168032
168126
168230
168391
168404
168431
168455
168480
168645
168827
168916
169066
169181
169267
169270
169323
169428
169446
169530
169564
169588
169631
169646
169893
170079
170124
170155
170181
170270
170323
170491
170497
170530
170540
170835
170900
171014
171430
171506
171531
171546
171658
171896
171921
172088
172214
172229
172332
172369
172377
172391
172403
172582
172600
172628
172673
172707
172804
172963
173309
173421
173911
174193
174359
174384
174644
174667
174731
174765
174930
174933
174979
175089
175093
175216
175326
175356
175397
175433
175482
175596
175630
175682
175687
175723
175855
175905
176082
176100
176147
176157
176188
176214
176233
176251
176256
176315
176402
176504
176505
176509
176567
176685
176876
177073
177167
177222
177308
177316
177395
177452
177680
177698
177743
177868
177921
177956
177956
178238
178272
178327
178372
178490
178737
178928
178959
179052
179135
179136
179153
179276
179301
179393
179492
179555
179581
179600
179632
179926
179970
180007
180046
180061
180069
180140
180283
180283
180297
180353
180400
180405
180458
180503
180543
180787
180812
180853
180860
181067
181069
181224
181319
181415
181446
181721
181780
181796
181917
181942
182070
182114
182233
182366
182469
182478
182564
182629
182651
182661
182715
182793
182885
182929
182980
183219
183424
183675
183729
183845
183907
184362
184376
184490
184526
184529
184626
184678
184821
184928
184985
185063
185277
185359
185409
185480
185527
185631
185741
185854
185979
185993
186118
186220
186224
186292
186457
186485
186648
186672
186776
186917
187038
187066
187082
187256
187294
187312
187324
187473
187491
187570
187792
187792
187879
187923
187929
188024
188106
188234
188248
188249
188272
188365
188644
188653
188661
188687
189009
189105
189166
189419
189438
189440
189626
189676
189704
189720
189775
189884
190066
190079
190305
190368
190370
190524
190636
190764
190795
190996
191001
191020
191112
191155
191184
191226
191354
191552
191587
191629
191656
191727
191769
191796
192026
192065
192109
192223
192227
192319
192399
192498
192589
192592
192870
193010
193043
193060
193084
193110
193143
193249
193258
193346
193481
193514
193589
193650
193677
193747
193928
194111
194455
194526
194625
194655
194780
194783
194784
194789
194880
194939
195079
195085
195147
195165
195217
195544
195690
195694
195752
195898
196025
196052
196108
196224
196240
196374
196523
196702
196756
196762
196774
196788
196956
197074
197206
197294
197430
197690
197716
197829
197863
197970
198027
198221
198264
198331
198358
198451
198560
198563
198666
198697
198728
198923
199027
199044
199115
199179
199197
199302
199340
199447
199602
199617
199620
199677
199693
199897
199914
200153
200191
200207
200209
200301
200369
200442
200524
200536
200724
200740
200756
200756
200776
200793
200808
201125
201187
201213
201368
201587
201683
201708
201820
201973
202010
202043
202059
202071
202106
202152
202158
202212
202289
202409
202420
202611
202637
202908
203024
203197
203235
203269
203414
203600
203601
204028
204144
204167
204167
204320
204609
204638
204644
204984
205031
205093
205229
205275
205363
205368
205546
205664
205710
205780
205811
206228
206230
206247
206540
206609
206733
207108
207113
207172
207269
207460
207576
207624
207721
207757
207781
207802
207841
207936
207936
208067
208236
208261
208262
208604
208623
208745
208861
208881
209042
209097
209278
209424
209469
209497
209518
209545
209669
209859
209908
209942
210075
210172
210224
210230
210236
210687
210723
210769
211090
211215
211275
211360
211475
211484
211586
211682
211683
212022
212113
212150
212151
212220
212279
212293
212354
212359
212538
212610
212610
212615
212615
212638
212721
212746
212769
213010
213036
213057
213094
213177
213262
213277
213289
213295
213319
213333
213357
213498
213545
213606
213732
213757
213779
213967
213979
214016
214222
214315
214371
214378
214438
214659
214782
214930
214935
215004
215080
215225
215260
215365
215493
215608
215677
215696
215744
215764
215813
215937
215974
216055
216075
216079
216375
216847
216883
216890
216943
217192
217231
217300
217338
217404
217458
217586
217633
217633
217640
217794
217927
218030
218115
218130
218284
218625
218707
218784
218922
218958
219079
219201
219260
219332
219393
219406
219470
219821
219825
219853
219930
220004
220023
220144
220527
220649
220674
220851
221047
221151
221173
221236
221250
221259
221333
221455
221646
221808
221843
221887
221965
222076
222083
222149
222233
222335
222508
222775
222933
222937
223148
223161
223388
223464
223666
223695
223702
223709
223820
223986
224077
224189
224231
224268
224424
224681
224715
224806
224846
224966
225019
225137
225156
225205
225211
225276
225299
225389
225474
225646
225714
225827
225866
225959
226007
226160
226168
226169
226171
226196
226596
226669
226739
226814
226849
226859
227067
227197
227256
227473
227537
227550
227603
227903
227963
228163
228182
228305
228361
228418
228480
228517
228536
228617
228670
228717
228735
228763
228973
229147
229185
229363
229487
229634
229699
229930
230171
230283
230335
230452
230464
230704
230711
230812
230863
230885
230952
230982
230990
231003
231100
231123
231156
231180
231698
231893
232062
232480
232500
232562
232592
232593
232903
233095
233113
233152
233156
233230
233241
233320
233327
233345
233359
233470
233830
233860
233964
233984
234004
234223
234276
234684
234694
234914
234989
235041
235056
235073
235143
235279
235370
235565
235650
235886
235892
235928
235958
236021
236176
236356
236419
236489
236516
236664
236842
236892
237226
237263
237343
237372
237377
237433
237440
237445
237461
237490
237493
237618
237621
237627
237651
237936
237972
238024
238042
238141
238166
238289
238344
238361
238594
238635
238769
238889
238910
239155
239157
239211
239269
239309
239467
239626
239746
239809
239844
239877
240370
240416
240444
240507
240565
240578
240589
240745
240774
240824
240839
240860
240979
241094
241144
241379
241405
241487
241560
241621
241657
241673
241733
241760
241968
242121
242153
242162
242203
242243
242572
242682
242981
242997
243028
243262
243263
243475
243633
243906
243922
244032
244140
244150
244242
244244
244255
244394
244424
244597
244642
244680
244811
244882
245120
245145
245258
245374
245390
245402
245539
245604
245705
245715
245719
245932
245986
245990
245993
245998
246030
246037
246184
246236
246240
246402
246556
246615
246630
246729
246749
246792
246820
246900
246924
247074
247077
247081
247167
247175
247199
247566
247582
247644
247784
247828
248100
248103
248211
248409
248580
248634
248768
248788
248860
249019
249060
249150
249234
249275
249376
249560
249604
249680
249710
249731
249908
250033
250109
250138
250174
250276
250389
250391
250463
250524
250606
250732
250823
250830
250861
250927
251025
251126
251197
251212
251212
251238
251305
251313
251368
251392
251470
251691
251710
251779
251805
251809
252301
252377
252415
252623
252948
253080
253163
253196
253691
253694
253917
253953
253995
254197
254296
254327
254403
254520
254594
254609
254681
254702
254944
255003
255004
255019
255108
255213
255259
255427
255431
255594
255626
255676
255708
255723
255810
255911
256088
256267
256272
256496
256507
256561
256889
257126
257193
257385
257445
257517
257636
257652
257796
257993
258118
258173
258415
258471
258508
258536
258643
258760
258853
259084
259223
259562
259669
259672
259692
259728
260406
260462
260493
260559
260877
260925
261057
261089
261117
261160
261164
261380
261649
261728
261782
261832
261889
261949
262047
262092
262195
262313
262356
262374
262396
262544
262576
262701
262809
262879
263068
263257
263337
263395
263482
263562
263728
263743
263792
263794
263801
263871
263881
264271
264343
264550
264654
264942
264960
265145
265187
265538
265576
265577
265677
265734
265898
266044
266165
266237
266296
266421
266551
266661
266685
266700
266797
266822
266875
266876
266889
267006
267045
267153
267155
267267
267493
267517
267542
267648
267660
267792
267812
267817
267882
268028
268089
268119
268334
268342
268350
268382
268455
268534
268808
268857
268901
268970
268972
269209
269231
269285
269397
269577
269603
269678
270090
270167
270377
270390
270411
270514
270581
270594
270612
270728
270761
270826
270976
271064
271084
271193
271277
271375
271543
271629
271849
271861
272072
272090
272163
272189
272196
272214
272292
272337
272348
272367
272444
272720
272750
272758
272783
272802
272868
272899
273304
273310
273578
273629
273648
273659
273694
273707
273720
273802
273805
273842
273873
273896
273961
273995
274047
274087
274106
274184
274233
274427
274546
274579
274721
274757
274843
274947
275065
275162
275193
275239
275246
275349
275682
275744
275801
275814
275828
275879
275896
275974
275993
275993
276089
276135
276271
276380
276511
276655
276659
276683
276764
276908
276936
276955
276968
276986
277032
277037
277060
277234
277311
277341
277378
277436
277468
277579
277580
277620
277762
277787
277929
277934
277954
278036
278061
278071
278128
278150
278429
278503
278523
278544
278704
278764
278875
278974
279182
279321
279462
279551
280243
280601
280829
280890
280897
280898
280958
281085
281157
281162
281167
281220
281223
281243
281277
281392
281864
281985
282050
282072
282312
282439
282449
282561
282812
282836
282939
282985
283127
283143
283180
283759
283794
283855
284173
284358
284478
284561
284632
284821
284853
284878
284938
285159
285159
285161
285258
285503
285541
285621
285638
285674
285816
285847
285947
285990
285996
286119
286184
286220
286361
286846
286860
286902
287094
287197
287233
287263
287328
287512
287702
287736
287974
288045
288138
288644
288658
288751
288903
289062
289119
289249
289451
289536
289537
289616
289716
289851
289881
289930
289946
290026
290123
290194
290232
290263
290272
290370
290386
290458
290542
290730
290972
291125
291181
291207
291301
291458
291565
291689
291743
291775
291857
291864
292124
292313
292317
292452
292607
292611
292708
292717
292803
292822
292910
292974
293131
293177
293334
293392
293443
293513
293544
293592
293616
293647
293656
293725
293981
293990
294029
294040
294043
294148
294264
294272
294454
294620
294715
294967
294982
294998
295009
295030
295089
295123
295172
295189
295369
295472
295588
295590
295601
295803
295902
296129
296134
296222
296247
296428
296823
296858
296958
297102
297157
297202
297220
297237
297355
297489
297539
297588
297962
298048
298099
298101
298102
298167
298308
298321
298459
298661
298681
298772
298859
298967
299106
299106
299166
299296
299384
299581
299595
299790
299942
300048
300193
300428
300445
300485
300780
300872
300916
300993
301246
301379
301381
301456
301561
301597
301733
301803
302043
302046
302081
302093
302179
302298
302407
302472
302534
302546
302680
302691
302824
302977
303064
303094
303109
303148
303245
303382
303416
303514
303757
303923
303934
303968
304056
304102
304176
304512
304516
304518
304534
304562
304596
304711
304996
305050
305101
305109
305141
305195
305292
305392
305455
305633
305693
305699
305782
305828
305871
305878
306055
306351
306419
306431
306553
306774
306780
306892
306977
306995
307010
307034
307216
307227
307383
307440
307459
307581
307790
307849
307909
307973
308096
308214
308244
308248
308261
308290
308414
308428
308606
308616
308783
309005
309162
309282
309320
309369
309374
309523
309556
309567
309669
309714
309760
309964
309969
309971
309979
310033
310155
310215
310241
310251
310261
310345
310357
310482
310482
310616
310777
310833
310893
310943
310966
311014
311132
311135
311247
311384
311391
311653
311754
311906
311952
311996
312106
312291
312338
312429
312436
312451
312540
312611
312623
312654
312660
312781
312809
312889
312971
313062
313112
313153
313233
313244
313262
313308
313413
313425
313474
313564
313729
313750
313859
313885
313966
314079
314164
314248
314327
314339
314348
314475
314516
314567
314796
314831
314892
315121
315411
315796
315950
315981
316107
316161
316485
316503
316658
316721
316831
317010
317038
317135
317362
317401
317434
317791
317811
317829
317847
317946
318104
318134
318158
318184
318236
318267
318373
318373
318411
318431
318509
318574
318643
318698
318901
318952
319007
319285
319453
319478
319654
319676
319717
319836
320179
320193
320203
320340
320424
320829
320986
321014
321102
321271
321287
321318
321339
321426
321494
321742
321917
321953
322039
322143
322226
322326
322502
322537
322599
322627
322672
322702
322817
322984
323180
323238
323470
323487
323630
323631
323644
323692
323838
323903
324143
324182
324183
324186
324262
324386
324748
324798
324871
324890
325257
325276
325288
325391
325504
325529
325670
325679
325874
326015
326172
326211
326230
326236
326280
326298
326301
326500
326504
326527
326595
326651
326670
326889
326935
327118
327216
327303
327412
327498
327547
327592
327676
327714
327877
327961
328074
328138
328175
328224
328452
328591
328626
328649
328672
328755
328771
328772
328791
328831
328836
329069
329074
329160
329170
329290
329340
329411
329465
329484
329626
329670
329692
329755
329760
329824
330227
330233
330351
330586
330592
330855
331093
331189
331260
331286
331312
331338
331363
331461
331467
331476
331552
331704
331738
331796
331807
331875
331880
332062
332093
332304
332404
332484
332497
332592
332911
333000
333001
333058
333059
333185
333214
333340
333373
333519
333643
333657
333682
333694
333709
333863
334219
334233
334249
334304
334361
334567
334618
334644
334903
335013
335297
335336
335364
335416
335490
335528
335559
335574
335578
335620
335650
335726
336042
336267
336314
336477
336542
336575
336611
336637
336677
336694
336697
336887
337022
337073
337074
337088
337133
337223
337235
337267
337289
337426
337495
337511
337597
337628
337737
337758
337786
337825
337826
337937
337989
338178
338230
338253
338329
338402
338664
338665
338701
338810
338892
339032
339048
339156
339266
339272
339294
339321
339454
339460
339555
339624
339624
339668
339870
340002
340057
340086
340275
340298
340357
340379
340408
340497
340622
340665
340856
340878
340914
341003
341120
341190
341201
341337
341391
341674
341704
341746
341770
341820
342070
342074
342090
342135
342204
342231
342349
342471
342482
342505
342554
343285
343305
343324
343467
343721
343857
343911
343957
343975
344117
344119
344140
344212
344217
344397
344638
344667
344838
344973
344982
345000
345113
345176
345192
345231
345280
345391
345568
345612
345685
345774
345926
345959
346028
346038
346127
346149
346264
346501
346627
346633
346715
346906
346967
347047
347049
347108
347202
347255
347337
347404
347741
347857
347917
348048
348087
348162
348509
348522
348775
348779
348815
348818
349247
349374
349567
349783
349795
349920
349942
350048
350135
350245
350294
350334
350452
350501
350596
350679
350824
350945
351096
351131
351201
351458
351717
351756
351850
351909
352162
352298
352358
352445
352476
352511
352530
352542
352550
352579
352600
352601
352657
352703
352713
352840
352867
353064
353271
353490
353616
353626
353721
353786
353994
354117
354150
354258
354394
354453
354453
354625
354642
354697
354727
354959
355299
355536
355740
355911
356063
356231
356291
356311
356477
356676
356899
357026
357149
357173
357253
357286
357488
357554
357593
357701
357706
357721
357898
358073
358168
358341
358386
358517
358649
358678
359056
359165
359268
359349
359360
359399
359518
359578
359578
359681
359753
359788
359832
359947
360034
360213
360270
360311
360360
360432
360452
360459
360550
360568
360795
360831
360956
361227
361258
361350
361506
361700
361789
362091
362215
362260
362293
362393
362574
362577
362605
362606
362607
362714
362810
362830
362932
362940
363013
363228
363273
363313
363338
363394
363571
363622
363729
363874
364050
364056
364135
364150
364163
364186
364252
364280
364336
364425
364719
364795
364804
365294
365308
365552
365557
365686
365687
365736
365828
365841
365845
365862
365956
366449
366488
366762
366772
366775
367200
367265
367313
367472
367556
367619
367729
367885
367902
368100
368181
368182
368248
368420
368589
368612
369065
369161
369183
369431
369511
369711
369729
369753
369884
369944
370012
370060
370197
370200
370411
370473
370550
370608
370628
370826
370857
370917
371113
371293
371331
371345
371346
371466
371479
371523
371726
371730
371746
371996
372049
372102
372127
372141
372298
372363
372374
372380
372479
372498
372508
372572
372616
372753
372819
372839
372859
372870
373196
373258
373422
373503
373569
373849
373913
374004
374174
374394
374502
374622
374902
374936
375069
375100
375274
375346
375389
375393
375525
375528
375561
375707
375800
375864
375878
376028
376133
376621
376767
376894
376976
377116
377333
377410
377675
377701
377972
378042
378416
378523
378564
378841
378903
378954
379059
379122
379145
379158
379473
379522
380058
380284
380291
380338
380405
380435
380502
380663
380670
380683
380707
380778
380886
381092
381240
381272
381337
381753
381776
381997
382121
382141
382410
382469
382501
382797
382976
383053
383305
383376
383437
383450
383472
383541
383739
383785
383887
384046
384094
384311
384329
384375
384476
384498
384528
384581
384599
384757
384906
384910
384915
385088
385160
385237
385279
385361
385602
385788
385828
385986
386008
386133
386152
386282
386391
386420
386513
386596
386933
386966
387037
387154
387202
387235
387254
387487
387488
387569
387584
387912
388070
388075
388180
388358
388364
388570
388578
388620
388784
388900
389004
389010
389084
389092
389175
389191
389352
389396
389419
389640
389643
389704
389755
389888
390086
390110
390136
390201
390209
390235
390248
390304
390423
390606
390676
390740
390864
391001
391034
391098
391167
391256
391391
391419
391487
391648
391893
391908
391964
392113
392296
392333
392432
392442
392610
392614
392742
392900
393035
393074
393214
393359
393490
393684
393828
393924
394003
394005
394010
394093
394130
394362
394423
394455
394483
394503
394785
394936
395019
395189
395216
395225
395315
395342
395626
395660
395753
395834
395854
395968
396016
396085
396107
396116
396258
396347
396359
396482
396511
396573
396587
396619
396626
396634
396638
396660
396700
396715
396839
396861
396868
397183
397303
397470
397509
397599
397772
397914
397975
398057
398265
398345
398547
398742
398895
398975
399002
399064
399102
399165
399580
399787
399823
399845
399910
399961
400084
400114
400200
400256
400300
400389
400787
400953
401126
401284
401323
401435
401472
401632
401646
401689
401749
401905
402028
402153
402378
402440
402479
402529
402557
402586
402616
402639
402652
402688
402725
402797
402824
402853
402920
403151
403159
403188
403306
403322
403390
403486
403577
403696
403940
404058
404081
404188
404191
404437
404491
404604
404660
404706
404748
404751
404873
405097
405120
405128
405131
405219
405385
405502
405579
405581
405651
405796
405894
405954
406074
406086
406224
406441
406441
406696
406726
406729
406882
406896
406900
406990
407365
407417
407457
407479
407519
407526
407583
407732
407839
408019
408032
408310
408318
408328
408388
408456
408544
408742
408806
408849
408903
409298
409509
409523
409545
409683
409686
409846
409908
410021
410036
410043
410181
410210
410378
410483
410518
410537
410643
410700
410716
410762
410790
410872
411040
411252
411299
411454
411588
411599
411644
411652
411676
412008
412084
412108
412407
412660
412785
412813
412862
412900
412947
412970
413185
413365
413482
413501
413602
413649
413838
414019
414031
414062
414136
414164
414282
414322
414391
414492
414571
414622
414635
414785
414846
414964
415089
415118
415154
415419
415565
415612
415772
415805
415871
415905
416076
416243
416419
416632
416724
416826
416875
416896
416900
416916
416939
417115
417146
417166
417331
417335
417441
417555
417588
417686
417867
417894
417976
418131
418187
418202
418353
418364
418511
418758
419054
419107
419178
419666
419754
419761
419803
419916
420089
420107
420252
420273
420478
420543
420744
420972
421116
421144
421310
421335
421340
421383
421395
421434
421482
421535
421608
421705
421720
421756
421825
421858
421949
421975
422037
422341
422375
422385
422402
422443
422530
422569
422598
422672
422870
422930
422983
422988
423198
423311
423331
423353
423429
423438
423556
423585
423622
423770
423952
423977
424043
424114
424176
424203
424289
424320
424381
424570
424592
424611
424985
425054
425059
425252
425253
425287
425387
425547
425635
425681
425744
425760
425860
425937
426067
426118
426218
426312
426373
426450
426468
426483
426502
426626
426643
426739
426818
427024
427028
427291
427432
427726
427800
427821
427829
427900
428145
428156
428166
428275
428356
428366
428387
428544
428641
428682
428785
428957
428997
429036
429041
429103
429152
429313
429432
429499
429508
429622
429668
429918
430235
430290
430309
430318
430323
430331
430344
430561
430582
430629
430662
430668
430674
430764
430868
430942
431017
431087
431120
431166
431254
431264
431467
431645
431797
431832
431952
431958
432029
432230
432364
432434
432459
432460
432558
432615
432954
433057
433193
433300
433368
433463
433472
433660
433683
433903
434021
434257
434388
434469
434604
434715
434849
435036
435079
435327
435342
435390
435438
435459
435746
435746
435826
435969
435985
436006
436167
436485
436581
436593
436613
436687
436688
436724
436846
436945
437024
437117
437136
437363
437636
437680
437680
437717
437739
437790
437830
437853
438057
438068
438242
438477
438609
438888
438936
438956
439134
439203
439372
439401
439401
439480
439539
439708
439831
439869
440031
440084
440099
440248
440542
440585
440729
440961
441111
441245
441357
441559
441563
441610
441739
441764
441967
441971
441981
442015
442046
442268
442464
442714
442742
442776
442868
442975
443072
443087
443171
443183
443267
443274
443297
443489
443504
443699
443891
443968
444094
444123
444192
444206
444328
444460
444471
444489
444523
444531
444558
444588
444593
444654
444694
444893
444997
445002
445045
445102
445215
445322
445367
445408
445450
445454
445483
445596
445797
446053
446087
446122
446186
446330
446434
446444
446454
446480
446493
446862
446899
447061
447191
447208
447212
447376
447738
447742
448266
448293
448297
448344
448363
448561
448679
448726
448861
448991
449231
449237
449505
449517
449620
449747
449812
449843
449868
449918
449958
449993
450032
450053
450097
450235
450651
450652
450812
450820
450955
451093
451101
451113
451134
451141
451161
451285
451347
451388
451587
451762
451850
451928
452049
452398
452475
452651
452779
452929
452946
452951
453001
453016
453077
453147
453178
453332
453418
453439
453498
453507
453668
453941
454027
454121
454135
454252
454406
454434
454494
454533
454619
454638
454978
455039
455046
455071
455376
455462
455482
455544
455550
455592
455653
455817
455840
456072
456104
456163
456192
456292
456296
456428
456437
456510
456602
456726
456729
456931
456948
457065
457234
457398
457433
457479
457500
457794
457838
457940
457948
457966
458161
458224
458228
458358
458384
458417
458478
458610
458664
458679
459102
459116
459161
459183
459448
459464
459599
459701
459737
459932
460094
460191
460269
460290
460602
460850
460975
460978
461230
461300
461314
461392
461445
461462
461637
461769
461868
461913
461918
461974
462232
462445
462506
462622
463188
463297
463309
463319
463357
463445
463464
463642
463675
463695
463811
463866
464007
464109
464401
464482
464489
464540
464558
464704
464805
464805
464834
464867
464872
464884
464886
464966
465039
465053
465433
465586
465641
465644
465686
465910
465924
465970
466055
466215
466371
466396
466399
466422
466467
467084
467119
467270
467588
467653
467663
467712
467835
467892
467928
468031
468279
468378
468762
468789
468823
468882
468974
469061
469105
469112
469168
469227
469233
469273
469283
469329
469545
469776
469802
470105
470167
470177
470322
470443
470651
470801
471478
471494
471613
471858
472009
472085
472240
472362
472487
472717
472812
472837
472865
472870
472924
472927
472930
473016
473139
473212
473248
473421
473536
473565
473649
473881
474295
474300
474403
474482
474552
474657
474744
474776
474816
474827
474963
475004
475012
475140
475373
475661
475750
475900
475925
475982
476059
476139
476143
476255
476525
476571
476610
476766
476787
476793
476973
477090
477116
477319
477411
478104
478227
478251
478264
478265
478479
478609
478622
478650
478751
478865
479005
479120
479162
479288
479348
479416
479567
479573
479580
479854
479872
480028
480126
480160
480481
480528
480923
481298
481381
481555
481651
481754
481959
482072
482074
482080
482202
482312
482462
482469
482503
482640
482652
482775
482805
482851
482932
483087
483195
483205
483355
483403
483428
483490
483798
483882
483886
484000
484003
484010
484014
484487
484534
484592
484693
484727
484745
484893
485042
485133
485149
485184
485254
485274
485502
485521
485521
485608
486042
486121
486146
486407
486407
486411
486483
486495
486501
486506
486576
486708
486852
486871
486968
487111
487208
487291
487706
487706
487843
487865
488004
488023
488072
488179
488185
488227
488229
488297
488403
488444
488445
488554
488650
488696
488813
489083
489231
489440
489448
489478
489485
489658
489697
489749
489934
489950
489960
490191
490200
490417
490460
490622
490760
490837
491175
491231
491271
491302
491321
491511
491597
491631
491683
491690
492088
492154
492203
492396
492435
492727
492993
493005
493242
493282
493293
493293
493310
493691
493793
493813
493868
493933
493986
494046
494059
494297
494389
494873
494949
494968
495065
495126
495263
495432
495762
495796
495804
495845
495997
496176
496188
496233
496373
496397
496423
496500
496684
496795
496894
496980
497048
497119
497349
497405
497416
497441
497495
497725
497742
497751
497847
497865
497866
498165
498222
498238
498384
498499
498519
498561
498581
498623
498667
498761
498809
498818
498912
498938
498940
499028
499082
499237
499384
499445
499564
499696
499782
499884
500192
500319
500356
500468
500489
500515
500584
500604
500616
500823
501001
501014
501040
501245
501246
501389
501415
501472
501488
501512
501523
501529
501531
501533
501552
501708
501793
502167
502201
502254
502365
502388
502464
502626
502661
502688
502716
502775
502873
502991
502998
503008
503011
503021
503035
503041
503160
503300
503357
503623
503701
503702
503704
503727
503929
504062
504091
504193
504293
504464
504488
504512
504741
504784
504950
504986
505039
505107
505413
505470
505722
505752
505837
505939
506045
506047
506052
506085
506150
506165
506272
506312
506321
506340
506343
506370
506417
506541
506671
506671
506785
506834
506850
506854
506865
506876
506898
507097
507138
507230
507244
507289
507427
507463
507495
507543
507563
507651
507736
507764
507817
507875
507951
507953
508068
508122
508291
508337
508552
508766
508814
508913
508928
509018
509273
509315
509424
509497
509634
509647
509689
509759
509999
510178
510217
510247
510275
510459
510596
510798
510843
510849
511159
511458
511459
511588
511589
511877
511886
511907
511955
512040
512074
512074
512130
512175
512287
512407
512547
512631
512739
512849
513030
513116
513137
513306
513377
513568
513611
513670
513675
513760
513767
514141
514144
514168
514193
514207
514357
514580
514667
514700
514714
514715
514921
514946
515220
515252
515299
515536
515817
515859
515903
515938
516075
516187
516207
516335
516467
516471
516611
516713
516733
516828
517040
517087
517087
517136
517145
517158
517671
517688
517710
517731
517832
517852
517926
517960
517985
518000
518012
518108
518148
518425
518480
518525
518641
518867
518890
518915
518945
519122
519171
519301
519358
519482
519723
519740
519807
519952
519995
520063
520106
520237
520308
520334
520335
520357
520413
520424
520717
520748
520884
520944
520951
521109
521229
521239
521352
521426
521435
521473
521558
521599
521696
521738
521739
521924
521956
522041
522142
522306
522354
522382
522407
522449
522470
522559
522564
522760
522942
523105
523206
523317
523370
523388
523618
524135
524204
524253
524261
524365
524378
524452
524757
524801
524845
524882
524915
524968
525072
525108
525127
525130
525374
525415
525445
525559
525697
525780
525791
525831
525867
525972
526112
526113
526138
526184
526241
526408
526478
526554
526562
526625
526698
527040
527142
527234
527332
527399
527446
527666
527678
527742
527783
527928
528058
528069
528159
528203
528300
528414
528524
528573
528619
528652
528968
528980
529126
529440
529473
529604
529791
529840
529901
530055
530151
530168
530327
530334
530346
530485
530758
530795
531031
531085
531113
531182
531213
531352
531760
531768
531881
531905
531935
532106
532156
532172
532203
532209
532220
532633
532773
532831
532921
532922
532956
533000
533164
533199
533209
533217
533251
533521
533685
533780
533816
533852
533854
533869
533943
533968
534058
534118
534152
534384
534677
534742
534899
534958
535073
535121
535349
535518
535578
536165
536186
536313
536562
536647
536766
536891
536922
536961
537055
537070
537109
537131
537176
537215
537251
537308
537370
537628
537914
537964
537967
537979
538167
538263
538269
538275
538294
538583
538608
538632
538740
538771
538834
538961
539014
539039
539064
539241
539351
539417
539453
539574
539646
539737
539827
539980
540010
540063
540064
540089
540110
540174
540293
540415
540503
540584
540652
540805
540908
540911
541174
541255
541293
541647
541682
541789
541973
542082
542472
542945
542955
542967
543050
543161
543261
543272
543296
543326
543327
543416
543451
544005
544028
544095
544115
544213
544250
544270
544292
544311
544353
544356
544512
544591
544666
544672
544675
544686
544727
544879
544917
545076
545079
545144
545258
545281
545287
545513
545629
545893
545964
546208
546286
546299
546374
546377
546583
546636
546736
546899
546942
546964
547041
547041
547095
547097
547156
547287
547358
547398
547495
547512
547623
547629
547749
547767
547930
548189
548382
548741
548762
548766
548859
548863
548920
548941
548951
549042
549292
549354
549457
549479
549501
549534
549613
549684
549787
549923
550089
550136
550168
550273
550380
550513
550888
550889
550908
550910
550999
551080
551176
551209
551356
551357
551358
551416
551439
551492
551666
551758
551781
551813
551836
551869
551977
552021
552092
552193
552247
552330
552373
552405
552480
552574
552576
552585
552667
552766
552828
552890
552942
552958
553017
553396
553423
553610
553620
553677
553702
553716
553884
553890
553973
554111
554114
554233
554259
554298
554316
554403
554467
554496
554503
554508
554639
554905
554931
554951
554996
554996
555005
555074
555233
555281
555415
555520
555544
555590
555638
555689
555758
555795
555810
555814
555820
555828
556051
556101
556184
556521
556641
556920
556936
556972
556978
556981
557087
557261
557320
557335
557424
557646
557734
558060
558152
558172
558262
558288
558495
558621
558723
558825
558856
558930
558945
558998
559050
559164
559281
559331
559383
559462
559473
559657
559719
559743
560068
560183
560333
560436
560542
560553
560555
560577
560634
561032
561043
561078
561135
561357
561459
561486
561670
561726
561744
561758
561802
561820
561849
562130
562327
562362
562504
562598
562780
562834
562861
562877
563004
563138
563206
563305
563440
563461
563479
563665
563747
563773
564206
564228
564389
564446
564518
564599
564630
564676
564847
564904
564977
565128
565147
565180
565208
565327
565366
565394
565433
565618
565795
565871
565938
566143
566435
566458
566556
566582
566728
566865
566983
567311
567323
567392
567463
567514
567515
567675
567782
567941
568068
568346
568459
568460
568736
568755
568936
568947
568965
568977
569076
569170
569257
569323
569369
569394
569438
569563
569728
569812
569820
569866
569960
570091
570145
570151
570232
570266
570535
570751
570882
571014
571032
571071
571094
571274
571291
571299
571308
571336
571419
571522
571579
571720
571725
571886
572105
572275
572492
572624
572628
572744
572747
572759
572850
573021
573249
573265
573305
573332
573339
573675
573707
573808
573823
573864
573882
573977
573978
573989
574251
574266
574448
574449
574633
574636
574640
574731
575111
575182
575252
575374
575476
575636
575663
575666
575751
575797
575909
576000
576000
576138
576220
576482
576517
576817
576932
576933
576981
577009
577062
577082
577190
577211
577345
577389
577437
577457
577502
577555
577969
578014
578098
578366
578483
578489
578530
578678
578849
578940
579116
579140
579230
579236
579271
579354
579356
579419
579430
579483
579618
579686
579891
580142
580152
580180
580234
580375
580409
580439
580680
580688
580819
580881
581100
581198
581431
581488
581653
581679
581691
581704
581934
581961
582132
582143
582260
582367
582682
582713
582879
583120
583382
583400
583451
583556
583745
583746
583866
583892
584073
584115
584213
584382
584427
584502
584621
584681
584683
584824
584906
584955
584961
585133
585140
585153
585362
585367
585601
585983
586094
586211
586340
586393
586608
586667
586689
586913
586972
587089
587282
587345
587386
587484
587530
587818
587844
588060
588102
588176
588487
588693
588985
589094
589119
589270
589344
589432
589488
589719
589800
589833
589860
589951
590147
590209
590426
590506
590538
590729
590854
590888
590902
590943
591081
591119
591231
591244
591314
591465
591500
591504
591531
591581
591668
591854
591865
591895
591917
591994
592022
592151
592202
592220
592276
592346
592431
592748
592765
592806
592832
592952
593054
593062
593159
593278
593337
593396
593477
593723
593761
593765
593931
593959
594001
594123
594144
594354
594371
594382
594458
594548
594639
594719
594742
594903
594912
594990
595071
595096
595242
595246
595281
595303
595664
595808
596023
596079
596114
596217
596236
596238
596318
596361
596380
596553
596670
596889
597014
597084
597216
597246
597259
597375
597380
597459
597477
597524
597617
597759
597794
597798
597829
598024
598260
598339
598342
598387
598645
598695
598744
598764
598802
598831
598854
598943
598978
599023
599037
599233
599273
599363
599400
599434
599446
599483
599531
599676
599715
599824
599847
599989
600093
600099
600113
600177
600239
600393
600537
600580
600593
600718
600748
601088
601207
601253
601376
601466
601467
601539
601574
601717
601918
602022
602114
602129
602178
602515
602622
602660
602754
602787
602914
602920
602942
603365
603439
603590
603713
603720
603753
603828
603834
603945
603981
604091
604147
604150
604220
604260
604264
604288
604845
604915
604980
605031
605215
605329
605358
605408
605771
605827
605937
606245
606274
606301
606327
606737
606763
606817
606942
607022
607186
607244
607265
607456
607464
607618
607644
607711
607746
608114
608141
608143
608260
608268
608304
608398
608526
608626
608649
608819
608831
608863
608869
608902
608960
608962
609093
609116
609271
609375
609784
609859
610017
610097
610184
610219
610238
610465
610704
610843
610948
611006
611114
611345
611481
611565
612019
612274
612344
612369
612404
612605
612671
612737
612822
612863
612891
612941
613084
613181
613197
613401
613429
613740
613778
613794
613900
614126
614169
614191
614311
614336
614469
614735
614802
615101
615212
615307
615373
615600
615649
615736
615846
615895
615972
615993
616178
616235
616286
616322
616360
616378
616603
616799
616817
616857
616948
617015
617085
617157
617211
617383
617438
617822
617841
617993
618039
618056
618069
618135
618251
618389
618584
618653
618696
618983
619006
619061
619073
619114
619173
619244
619405
619429
619447
619590
619611
619632
619647
619686
619727
619878
619903
620034
620124
620158
620283
620344
620371
620380
620702
620900
620909
621229
621316
621630
621767
621778
621826
621839
621872
621946
621950
621989
622004
622069
622073
622269
622283
622412
622454
622519
622577
622620
622698
622798
622860
622861
622927
623044
623077
623096
623239
623359
623466
623480
623572
623598
623659
623931
624128
624317
624380
624411
624518
624558
624680
624683
624940
624944
625048
625049
625100
625175
625310
625386
625448
625691
625751
625759
625770
625801
625809
625825
625863
626157
626225
626287
626329
626468
626625
626704
626709
626819
626822
626828
627126
627156
627539
627541
627654
627686
627755
627911
627946
627947
627952
628324
628358
628450
628596
628722
628817
628834
628847
629191
629250
629440
629585
629652
629675
629680
629718
629964
629970
630007
630008
630092
630101
630424
630503
630571
630597
630613
630815
630996
631064
631287
631337
631491
631850
632001
632012
632020
632036
632075
632251
632348
632436
632446
632450
632572
632658
632667
632735
632756
633031
633058
633077
633125
633244
633255
633311
633355
633451
633462
633469
633573
633713
633932
633961
633993
634221
634237
634288
634336
634405
634443
634454
634485
634615
634833
634897
634920
635007
635260
635289
635326
635340
635403
635410
635584
635682
635764
635805
635919
635959
636142
636202
636327
636472
636723
636824
636842
637148
637165
637329
637407
638039
638152
638183
638216
638236
638395
638614
638711
638846
638941
639072
639085
639189
639337
639387
639409
639435
639722
639752
639822
639867
639871
639880
639952
639987
640127
640178
640201
640244
640316
640359
640389
640560
640691
640724
640780
640920
640948
640976
641052
641145
641294
641306
641343
641379
641386
641476
641535
641572
641761
641853
642008
642090
642164
642272
642303
642327
642357
642483
642547
642579
642662
642730
642775
642804
642916
642968
643212
643311
643677
643722
643831
643995
644024
644103
644236
644384
644392
644452
644484
644951
645126
645366
645385
645558
645583
645695
645947
646056
646058
646116
646123
646148
646215
646282
646364
646388
646488
646518
646622
646804
646820
646998
647069
647185
647248
647284
647411
647432
647526
647678
647809
647847
647920
647955
647963
648143
648454
648473
648554
648587
648596
648614
649005
649071
649085
649172
649199
649201
649270
649270
649560
649563
649591
649603
649667
649670
649694
649799
650042
650069
650127
650193
650216
650292
650333
650365
650432
650495
650504
650649
650742
650903
650986
650998
651071
651118
651168
651370
651466
651501
651568
651607
651615
651627
651653
651669
651684
651696
651728
651792
651849
652107
652136
652196
652240
652289
652323
652365
652428
652526
652576
652707
652833
652837
652848
652966
652998
653238
653258
653461
653492
653507
653612
653834
653879
653950
653958
654083
654153
654331
654443
654529
654572
654584
654748
655014
655040
655098
655108
655171
655174
655342
655358
655394
655397
655450
655770
655830
655879
655914
655977
656066
656104
656132
656134
656242
656313
656391
656429
656498
656741
656828
656867
656872
656887
656900
656981
657304
657393
657418
657465
657550
657661
657661
657703
657732
657734
657819
657869
657969
658009
658137
658139
658234
658300
658301
658351
658537
658567
658583
658768
659089
659099
659110
659259
659338
659370
659473
659531
659575
659579
659581
659651
659754
659774
659777
659946
659991
660022
660135
660139
660265
660381
660392
660394
660395
660425
660482
660725
660851
660858
660921
661000
661016
661080
661097
661196
661203
661251
661259
661293
661567
661570
661652
661790
661795
661821
662099
662345
662443
662457
662646
662739
662739
662942
662993
663000
663147
663278
663385
663406
663537
663598
663622
663664
663781
663945
663954
663956
664060
664081
664154
664235
664389
664438
664750
664757
664893
664925
664984
665017
665046
665063
665114
665172
665389
665562
665598
665703
665845
665939
665946
666079
666133
666333
666459
666614
666626
666811
666861
666953
667009
667098
667199
667241
667289
667293
667327
667380
667392
667445
667533
667579
667640
667821
667952
667995
668051
668106
668257
668349
668498
668622
668715
668955
669150
669308
669610
669707
669738
669741
669777
669962
670189
670308
670382
670506
670644
670702
670719
670727
670986
671000
671129
671149
671253
671644
671664
671937
672109
672143
672194
672213
672255
672265
672503
672698
672759
672911
672993
673086
673102
673555
673563
673653
673728
673776
674068
674206
674338
674387
674445
674521
674521
674554
674594
674744
674974
675010
675015
675105
675168
675304
675341
675699
675714
675782
675986
676028
676095
676138
676357
676399
676415
676461
676558
676561
676708
676893
677021
677076
677367
677442
677460
677499
677529
677555
677642
677670
677844
677874
677879
678071
678111
678179
678203
678214
678289
678427
678646
678661
678815
678857
678877
679108
679134
679217
679218
679221
679233
679246
679426
679574
679577
679595
679679
679697
679766
679860
679903
679906
680133
680200
680486
680495
680869
681048
681089
681227
681319
681448
681628
681688
681734
681885
681912
682025
682145
682273
682358
682760
682866
683061
683146
683315
683361
683390
683433
683497
683784
683812
683937
684037
684100
684190
684513
684547
684563
684598
684614
684654
684798
684852
684973
685126
685200
685229
685241
685259
685318
685469
685644
685845
685986
686238
686252
686321
686513
686535
686678
686724
686921
686988
687295
687426
687440
687472
687965
687995
688031
688109
688234
688392
688722
688810
688826
689084
689251
689545
689635
689819
689823
689964
689990
690116
690184
690252
690418
690444
690453
690654
690713
690883
690983
691416
691475
691555
691564
691593
691622
691697
691753
691759
691782
691873
691985
692041
692110
692162
692188
692194
692324
692327
692397
692403
692604
692850
692921
692925
692944
693057
693083
693105
693285
693290
693304
693356
693424
693439
693506
693535
693535
693780
694046
694372
694467
694509
695193
695257
695305
695337
695345
695351
695426
695602
695931
695967
696054
696093
696134
696182
696252
696305
696411
696435
696554
696859
697168
697205
697232
697290
697294
697319
697324
697428
697851
697913
698054
698130
698144
698266
698417
698507
698613
698677
698731
698768
699101
699208
699343
699566
699616
699673
699746
699953
700010
700040
700101
700155
700177
700537
700648
700650
700660
700846
700853
700932
701031
701038
701048
701102
701163
701235
701332
701365
701519
701714
701804
701887
701923
701957
701967
702019
702053
702056
702158
702180
702189
702272
702335
702540
702777
702912
703268
703338
703390
703467
703662
703845
704007
704194
704469
704605
704708
704832
704913
704963
705064
705096
705213
705380
705414
705451
705567
705835
705856
705940
705943
706235
706269
706316
706328
706365
706514
706570
706759
706845
706986
706999
707068
707148
707184
707398
707483
707486
707597
707716
707733
707753
707800
707810
707811
708008
708114
708130
708322
708422
708459
708566
708660
708664
708731
708861
708953
708994
709003
709010
709020
709075
709157
709168
709179
709221
709254
709345
709479
709489
709548
709557
709563
709654
709762
709793
709900
709969
709987
710063
710145
710160
710170
710203
710289
710484
710656
710704
710733
710765
710808
710832
710884
710922
710951
710992
711043
711068
711102
711136
711146
711150
711374
711477
711492
711504
711516
711625
711730
711843
712008
712124
712199
712227
712258
712304
712443
712476
712602
712705
712761
712762
712764
712766
712768
712814
713261
713268
713278
713399
713473
713503
713539
713548
713742
713766
713971
714000
714016
714080
714114
714271
714309
714405
714617
714630
714830
714833
714896
715071
715167
715371
715440
715463
715569
715653
715683
715770
715803
715990
716077
716084
716154
716255
716305
716395
716444
716549
716569
716605
716611
716650
716707
716712
716796
716973
716984
717221
717235
717248
717363
717501
717631
717670
717807
717813
717818
717847
717879
717933
718095
718279
718331
718349
718370
718482
718574
718857
718866
718921
718954
719102
719176
719186
719209
719233
719343
719391
719542
719636
719761
719771
720282
720394
720495
720508
720551
720619
720659
720875
720911
720924
720935
721005
721139
721302
721325
721402
721551
721559
721673
721762
721781
721822
721967
722026
722232
722250
722425
722538
722550
722677
722772
722860
722876
723012
723013
723013
723029
723083
723261
723275
723309
723328
723405
723410
723658
723714
723761
723933
724038
724122
724126
724183
724214
724280
724362
724394
724510
724513
724585
724638
724738
724740
724755
724767
724817
724849
724950
724987
725072
725263
725365
725370
725373
725497
725503
725592
725654
725675
726242
726351
726390
726574
726598
727007
727031
727037
727042
727048
727111
727147
727200
727225
727268
727329
727515
727715
727757
727768
727872
727890
727910
727992
728069
728229
728288
728392
728515
728528
728591
728792
728832
728889
728988
729013
729115
729127
729159
729206
729258
729311
729347
729368
729376
729379
729679
729794
729804
729808
729839
729853
729939
730044
730115
730362
730452
730602
730715
731043
731272
731541
731788
731871
731931
731969
731977
731992
732098
732211
732289
732594
732645
732658
732690
732808
732812
732881
732936
733113
733151
733175
733252
733255
733345
733357
733386
733555
733556
733680
733794
733869
733939
734071
734323
734353
734355
734460
734499
734526
734712
734917
734944
735017
735227
735278
735290
735385
735431
735542
735732
735791
735821
735821
736107
736320
736448
736448
736473
736549
736804
736826
736831
736922
736976
737138
737157
737177
737209
737210
737546
737569
737796
737796
737991
738056
738339
738347
738762
738859
738953
738990
739030
739174
739231
739276
739289
739466
739773
739966
740132
740376
740602
740869
740926
741090
741133
741480
741480
741564
741719
741767
741870
742033
742050
742051
742130
742136
742194
742242
742295
742326
742333
742608
742779
742799
742806
742809
742820
742934
743094
743489
743557
743681
743732
743735
743757
743973
743987
744063
744137
744154
744229
744230
744294
744436
744464
744567
744570
744575
744616
744920
744935
744946
744980
745016
745018
745175
745303
745356
745439
745503
745509
745517
745590
745649
745670
745773
745796
745863
745919
745964
746001
746012
746025
746039
746270
746285
746454
746726
746839
746841
746961
747149
747317
747760
747779
747804
748007
748069
748076
748089
748096
748111
748151
748274
748290
748367
748467
748481
748584
748698
748734
748774
748810
748888
749010
749164
749298
749317
749365
749481
749502
749592
749671
749769
749778
749804
749822
749857
749970
749994
750020
750023
750040
750106
750177
750179
750207
750306
750389
750507
750563
750675
750752
750826
750834
750960
750984
751044
751073
751154
751196
751231
751241
751294
751429
751452
751506
751580
751609
751712
751855
752338
752375
752395
752433
752559
752600
752667
752671
752722
752753
752896
752937
752960
753016
753188
753317
753373
753653
753661
753690
753746
753850
753878
753958
754208
754322
754335
754497
754518
754554
754613
754649
754695
754703
754718
754721
754726
754944
755165
755222
755297
755406
755425
755540
755665
755694
755710
755852
756505
756518
756607
756668
756695
756792
756849
756955
756995
757069
757237
757324
757543
757717
758071
758139
758208
758225
758268
758384
758445
758486
758548
758771
758800
758947
759081
759122
759291
759394
759438
759488
759536
759630
759664
759724
759753
759796
759809
760205
760407
760467
760532
760584
760615
760637
760643
760698
760917
760919
761163
761232
761241
761333
761375
761427
761555
761625
761774
761861
762251
762289
762300
762411
762871
763084
763170
763227
763258
763279
763290
763316
763321
763351
763426
763534
763748
763788
764003
764071
764118
764162
764256
764322
764408
764453
764506
764701
764773
764815
764860
764930
764977
765261
765407
765411
765488
765522
765612
765651
765825
765896
766089
766103
766259
766465
766618
766674
766710
766719
766826
766847
766860
766866
766966
766986
767067
767115
767192
767222
767518
767589
767605
767631
767879
767898
768171
768210
768214
768555
768629
768724
768899
768981
769109
769118
769151
769171
769186
769258
769347
769511
769576
769634
769697
769749
769760
769824
769872
769889
769938
769979
770022
770048
770090
770242
770255
770297
770325
770428
770501
770553
770752
770860
770946
770982
771076
771081
771243
771270
771566
771595
771604
771617
771648
772092
772181
772245
772308
772317
772430
772491
772493
772524
772602
772869
772960
772971
773070
773106
773170
773405
773475
773498
773593
773781
773863
773880
774076
774223
774297
774319
774350
774705
774851
774917
774962
775156
775340
775517
775584
775585
775600
775632
775637
775679
775722
775826
775874
775946
776524
776549
776781
776950
777024
777073
777141
777215
777278
777425
777447
777685
777752
777771
777990
778053
778098
778165
778247
778430
778447
778449
778451
778541
778597
778652
778888
778967
778972
778977
778998
779135
779600
779701
779802
779835
779953
780100
780286
780311
780534
780596
781265
781314
781337
781452
781507
781585
781689
781764
781963
782382
782511
782529
782568
782749
782890
782952
782958
783003
783087
783228
783337
783398
783437
783871
783974
784138
784158
784389
784392
784446
784477
784509
784548
784641
784677
784813
784837
784839
784847
785001
785339
785359
785456
785602
785662
785677
785752
785767
785821
785828
786109
786179
786180
786471
786514
786546
786583
786680
786763
786805
786837
786900
786948
786948
787175
787181
787433
787472
787555
787585
787608
787749
787829
788131
788163
788209
788293
788298
788305
788467
788499
788533
788570
788664
788825
788888
788926
788957
789003
789014
789019
789147
789222
789238
789264
789277
789296
789300
789332
789366
789370
789401
789416
789431
789597
789600
789708
789812
789824
789855
789893
789927
789997
790062
790114
790197
790207
790232
790283
790321
790391
790500
790608
790678
790785
790810
790829
790976
791005
791078
791393
791401
791522
791764
791791
791815
791817
791973
792103
792246
792324
792363
792446
792490
792541
792590
792621
792727
792733
792750
793021
793138
793249
793380
793433
793469
793531
793534
793977
794116
794200
794375
794448
794607
794706
794773
794845
794957
794958
795073
795078
795117
795259
795598
795649
795681
795736
795841
795873
795941
795961
795966
796184
796245
796392
796396
796457
796519
796528
796563
796577
796721
796925
796928
796930
796945
797000
797064
797126
797217
797227
797274
797283
797319
797433
797636
797699
797709
797722
797785
797810
797872
797921
798000
798020
798062
798178
798185
798281
798294
798488
798531
798612
798624
798719
798908
798939
799061
799122
799155
799186
799228
799251
799279
799283
799391
799418
799461
799550
799582
799659
799681
799724
799956
800008
800027
800047
800060
800096
800120
800125
800148
800215
800241
800295
800381
800419
800495
800553
800607
800696
800783
800853
800882
801310
801313
801343
801619
801669
801768
801972
801985
802034
802106
802177
802332
802355
802523
802538
802587
802609
802734
802748
802941
803257
803301
803320
803360
803498
803499
803536
803547
803664
803683
803781
803802
804358
804520
804658
804700
804948
804953
805030
805059
805255
805392
805519
805588
805601
805743
805810
806055
806494
806552
806597
806812
806853
806863
806898
806912
806982
807008
807076
807090
807104
807298
807530
807668
807737
807749
807767
807882
808037
808365
808441
808462
808523
808559
808579
808810
808987
809186
809233
809240
809438
809460
809463
809533
809615
809841
809913
810001
810137
810141
810191
810203
810317
810378
810385
810580
810609
810637
810676
810689
810716
810753
810849
810967
810983
811011
811020
811328
811502
811693
811755
811833
811919
812123
812288
812389
812661
812799
813118
813203
813208
813231
813236
813245
813281
813591
813630
813909
814052
814110
814151
814162
814341
814350
814358
814772
814868
814965
814984
815024
815225
815241
815516
815566
815583
815597
815753
815955
816083
816278
816414
816497
816508
816738
816826
816914
816941
816983
817314
817350
817540
817548
817815
817973
818095
818167
818349
818373
818392
818435
818457
818556
818599
818615
818655
818705
818725
818924
819175
819184
819272
819295
819395
819429
819580
819588
819823
819910
820005
820070
820224
820237
820300
820530
820552
820580
820594
820609
820738
820898
820977
821092
821127
821460
821475
821890
821995
822108
822228
822253
822322
822364
822446
822460
822516
822621
822916
823060
823107
823154
823257
823291
823350
823355
823496
823546
823597
823637
823789
823857
823873
823996
824114
824163
824307
824356
824369
824532
824561
824705
824858
824923
825244
825278
825338
825465
825567
825706
825843
825930
826028
826035
826254
826313
826337
826397
826555
826555
826864
826937
827073
827125
827204
827213
827365
827397
827400
827408
827419
827663
827724
827761
827815
828182
828193
828231
828426
828447
828485
828652
828988
829091
829178
829195
829255
829277
829290
829294
829403
829440
829459
829526
829528
829643
829781
829782
829785
829951
829973
830050
830091
830105
830208
830272
830354
830505
830506
831097
831176
831344
831526
831529
831698
831870
831956
832159
832251
832558
832584
832585
832645
832731
832770
832856
832859
833076
833122
833130
833311
833397
833498
833514
833604
833682
833731
833752
833764
833980
834228
834354
834384
834425
834508
834693
834739
835041
835056
835378
835385
835629
835725
835889
836062
836081
836127
836175
836476
836515
836673
836710
836732
836785
837101
837398
837421
837432
837484
837646
837788
837792
837897
838035
838211
838379
838422
838531
838606
838843
838942
839248
839279
839366
839395
839442
839502
839655
839663
839702
839830
839880
839961
839966
840149
840242
840430
840623
840718
840720
840920
840935
840949
840991
841050
841338
841471
841509
841542
841544
841558
841615
841669
841681
841713
841718
841809
841842
841858
841912
842114
842176
842292
842332
842339
842423
842652
842673
842710
842762
842814
842935
843116
843183
843243
843261
843335
843555
843645
843713
843782
843858
843896
843957
844043
844247
844312
844350
844360
844657
844727
844764
844893
844904
844958
845052
845262
845270
845295
845452
845585
845686
845696
845705
845844
845891
845925
845975
845975
845988
846047
846109
846185
846194
846216
846221
846278
846437
846444
846494
846601
846609
846610
846770
846789
846911
846970
847064
847155
847160
847200
847393
847405
847449
847495
847500
847502
847524
847611
847735
847819
847917
848002
848010
848091
848266
848298
848335
848410
848492
848535
848636
848750
848873
848879
848984
849044
849086
849096
849107
849196
849320
849322
849373
849491
849539
849583
849646
849653
849671
849683
849737
849743
849758
849886
849916
849918
849925
850033
850114
850115
850192
850223
850243
850300
850314
850403
850680
850699
850804
850888
850890
850920
851063
851287
851299
851401
851629
851686
851688
851806
851808
852092
852161
852196
852352
852358
852485
852544
852544
852642
852649
852662
852784
852784
852824
852927
852988
853053
853148
853285
853295
853324
853329
853337
853429
853519
853570
853585
853620
853921
853953
854116
854206
854365
854382
854420
854469
854532
854681
854735
854840
854847
854882
854886
854959
855101
855277
855320
855458
855470
855507
855565
855728
855800
855828
855828
855893
855909
855911
855916
855923
856109
856171
856248
856301
856338
856465
856749
856757
856763
856765
857061
857064
857142
857236
857296
857607
857755
857776
857778
857999
858069
858198
858248
858333
858497
858537
858610
858749
858802
858834
858901
859025
859155
859264
859348
859524
859598
859677
859770
859812
859887
860156
860226
860237
860402
860506
860572
860583
860616
860703
860905
860905
860946
861114
861186
861212
861257
861386
861724
861960
862090
862104
862321
862470
862539
862583
862583
862613
862692
862793
862938
863116
863369
863408
863806
863842
863845
863997
864015
864083
864122
864279
864590
864659
864781
864887
865221
865281
865310
865321
865363
865452
865485
865502
865557
865567
865684
865773
865785
865791
865835
865874
865985
866003
866058
866275
866312
866377
866534
866775
866901
866959
867015
867114
867356
867412
867438
867457
867599
867664
867678
867849
867905
867924
868068
868149
868243
868297
868311
868535
868586
868675
868758
868790
868833
868971
869124
869339
869590
869727
869778
869923
869958
870034
870051
870231
870351
870392
870432
870460
870526
870536
870588
870589
870601
870624
870863
871018
871030
871045
871188
871288
871392
871642
871674
871747
871777
871839
871980
871998
872009
872022
872059
872062
872096
872098
872159
872183
872210
872410
872591
872603
872608
872671
872734
872777
872879
872983
873034
873288
873297
873494
873723
873986
874033
874072
874228
874305
874372
874585
874798
874822
874823
874850
874851
874862
874874
875025
875141
875193
875308
875431
875542
875608
876273
876406
876522
876526
876803
876988
877089
877183
877265
877311
877358
877372
877378
877396
877422
877613
877695
877815
877919
878250
878378
878485
878593
878694
878965
879090
879194
879273
879334
879545
879609
879655
879863
879924
880212
880382
880420
880494
880661
880709
880718
880743
880825
881032
881106
881114
881120
881123
881172
881363
881376
881384
881502
881524
881572
881620
881704
881862
882247
882326
882343
882475
882488
882501
882557
882711
882920
882982
883082
883116
883339
883450
883480
883511
883734
883941
883956
884343
884465
884712
884832
884865
884909
885078
885168
885306
885585
885733
885747
885853
885905
886100
886127
886210
886395
886525
886621
886721
886728
886779
886905
886955
886956
887323
887340
887363
887513
887552
887572
887727
887835
887835
887871
887904
887928
888087
888206
888281
888364
888450
888492
888594
888607
888691
888931
888976
889134
889146
889227
889299
889304
889597
889636
889648
889756
889762
889992
890371
890380
890529
890560
890787
890809
890823
891369
891393
891408
891430
891431
891567
891607
892147
892153
892258
892279
892434
892650
892682
892695
892849
892910
893069
893209
893275
893337
893547
893548
893561
893602
893699
894161
894301
894321
894495
894528
894548
894569
894579
894657
894661
894671
894691
894942
894970
895093
895321
895413
895555
895670
895703
895796
896234
896246
896374
896392
896438
896658
896746
896825
896904
896914
896976
897016
897166
897195
897205
897229
897336
897391
897406
897417
897437
897544
897569
897831
897836
897856
897882
897933
897980
898152
898551
898694
898698
898704
898763
898958
899002
899064
899125
899152
899254
899274
899610
899834
900065
900115
900123
900124
900322
900436
900561
900632
900690
900753
900833
900877
900901
901039
901071
901087
901189
901209
901211
901228
901229
901286
901368
901375
901541
901647
901994
902166
902219
902234
902288
902347
902347
902359
902510
902545
902604
902673
903051
903214
903221
903432
903494
903512
903517
903531
903539
903800
903845
904135
904154
904295
904364
904487
904488
904758
904877
904916
904945
904962
905035
905051
905065
905074
905108
905269
905461
905476
905514
905524
905693
905755
906035
906038
906183
906399
906442
906490
906580
906707
906843
906948
906948
907110
907125
907201
907234
907425
907706
907760
908089
908107
908352
908387
908637
908674
908945
909185
909187
909211
909362
909391
909487
909567
909611
909656
909798
909806
909854
909866
910154
910288
910295
910301
910343
910394
910408
910422
910468
910486
910519
910797
911014
911016
911042
911071
911498
911499
911500
911553
911726
911884
912179
912315
912462
912541
912596
912606
912813
912922
913280
913337
913388
913421
913460
913562
913633
913740
913969
914095
914122
914170
914179
914198
914209
914248
914290
914294
914398
914417
914714
914833
915201
915265
915313
915315
915427
915436
915860
915871
915901
916082
916228
916239
916257
916308
916694
916719
916724
916757
916838
916891
917077
917160
917286
917465
917543
917669
917877
917957
918175
918345
918515
918518
918551
918621
918637
918642
918843
918850
918860
918904
918991
919030
919103
919274
919301
919461
919577
919746
919782
919924
919943
919976
919996
920000
920082
920083
920184
920190
920250
920368
920420
920583
920750
920837
920880
920998
921033
921061
921079
921200
921254
921489
921740
921742
921778
921784
921914
922285
922384
922463
922523
922566
922620
922638
923009
923094
923117
923162
923168
923199
923221
923229
923337
923418
923430
923506
923860
923989
924443
924662
924665
924721
924759
924807
924816
924918
924937
925106
925164
925380
925573
925608
925640
925761
926020
926079
926090
926188
926195
926254
926272
926502
926580
926671
926680
926727
926752
926840
927132
927136
927285
927376
927394
927468
927491
927516
927686
927768
927891
927897
927975
928075
928127
928129
928199
928301
928318
928484
928517
928568
928602
928654
928690
928745
928817
928917
929055
929160
929200
929204
929298
929408
929409
929452
929474
929519
929627
929719
929794
929821
929917
929937
929949
930002
930204
930238
930301
930306
930461
930560
930684
930784
930824
930859
930912
930922
931005
931028
931132
931140
931144
931174
931279
931289
931334
931344
931359
931424
931625
931674
931967
932217
932312
932477
932634
932746
932766
932770
932779
932786
932895
932946
932959
932968
932970
933030
933053
933062
933224
933356
933360
933388
933470
933482
933585
933638
933714
933810
933918
934009
934049
934056
934073
934160
934185
934234
934496
934630
934639
934784
934784
934919
935043
935097
935338
935444
935466
935532
935610
935675
935684
935745
935816
935818
935977
936031
936132
936137
936143
936270
936357
936365
936391
936453
936513
936539
936680
936928
937011
937039
937070
937082
937210
937229
937332
937338
937430
937517
937524
937536
937686
937701
937726
937772
937835
937954
938185
938217
938219
938265
938334
938614
938736
938794
938846
939133
939284
939309
939487
939508
939572
939650
939773
939940
939948
939973
939974
940202
940299
940642
940805
940815
940915
941093
941187
941299
941345
941601
941784
941802
941826
941867
941907
941939
941974
941979
942084
942114
942214
942223
942396
942404
942493
942508
942608
942700
942744
942773
942945
943143
943303
943318
943402
943403
943511
943548
943574
943674
944052
944291
944484
944541
944589
944700
944714
944758
944843
944857
944911
944971
945036
945228
945485
945561
945594
945651
945851
945923
946000
946050
946431
946440
946442
946561
946574
946598
946711
946891
946920
947053
947241
947852
948040
948095
948161
948285
948342
948484
948605
948727
948776
948790
948825
948850
949047
949116
949132
949133
949223
949298
949324
949415
949534
949542
949557
949617
949718
949751
949830
949862
950001
950125
950323
950423
950718
950785
950874
951053
951407
951520
951547
951656
951667
951731
951830
952007
952009
952087
952093
952137
952147
952170
952217
952233
952337
952538
952574
952818
952971
953119
953222
953572
953657
953763
953836
953904
953974
954039
954338
954430
954481
954487
954624
954715
954728
954892
955132
955355
955431
955676
955741
956034
956162
956294
956295
956301
956333
956389
956396
956777
956972
957165
957238
957248
957306
957314
957349
957404
957509
957661
957738
957815
958086
958259
958501
958707
958742
958773
958871
958908
959010
959047
959165
959199
959259
959423
959446
959471
959684
959732
959819
959851
959866
959928
960053
960069
960131
960249
960296
960438
960570
960592
960637
960647
960658
960761
960852
960935
960996
961189
961348
961408
961456
961522
961622
961981
962114
962134
962148
962218
962227
962249
962397
962501
962512
962559
962601
962636
962649
962685
962714
962748
962751
962819
962852
962902
962977
963048
963106
963130
963140
963260
963403
963408
963509
963558
963566
963601
963629
963720
963772
963791
963800
963856
963925
963993
964077
964122
964133
964143
964152
964254
964438
964452
964508
964643
964738
964871
965107
965132
965202
965225
965433
965447
965648
965974
966102
966111
966137
966157
966214
966399
966448
966479
966715
966848
966872
966874
966877
967032
967058
967064
967087
967172
967677
967761
967883
967937
967966
968061
968272
968315
968347
968404
968484
968644
968713
968727
968776
968875
969040
969139
969211
969293
969297
969320
969323
969400
969478
969531
969735
969809
969840
969937
969953
970113
970125
970333
970361
970372
970377
970423
970455
970684
970767
970780
970834
970929
971004
971005
971203
971211
971431
971471
971475
971485
971526
971598
971657
971785
971914
971965
972142
972227
972247
972424
972459
972588
972598
972681
972717
972748
972782
972872
972887
972985
973050
973062
973227
973403
973428
973496
973701
973711
973758
974150
974306
974361
974543
974681
974682
974736
974859
975043
975094
975345
975363
975433
975523
975557
975568
975662
975692
975703
975732
975758
976055
976110
976221
976340
976361
976597
976630
976742
976844
976868
976902
977025
977032
977080
977173
977256
977278
977336
977468
977623
977633
977651
977659
977660
977755
977930
978032
978060
978065
978090
978204
978222
978489
978557
978639
978786
978989
979067
979113
979164
979171
979254
979255
979266
979279
979336
979382
979742
979822
979976
979991
980028
980109
980168
980276
980453
980559
980681
980741
981056
981080
981290
981315
981358
981407
981478
981561
981889
981920
981940
982009
982452
982643
982695
982827
982856
982877
982930
983082
983152
983152
983158
983161
983219
983338
983637
983828
983852
983947
984031
984104
984164
984242
984252
984276
984307
984496
984555
984613
984621
984645
984756
984801
985007
985250
985268
985352
985395
985651
985704
985928
986297
986304
986431
986710
986844
986901
986954
987097
987147
987221
987303
987356
987389
987456
987697
987944
987992
988035
988361
988553
988731
988833
989104
989199
989269
989303
989339
989388
989437
989505
989582
989611
989690
989847
990039
990044
990224
990309
990523
990551
990639
990832
991000
991052
991113
991114
991125
991274
991289
991300
991399
991445
991528
991558
991602
991936
991947
992099
992199
992199
992213
992360
992396
992662
992796
992909
992917
992968
993055
993094
993112
993137
993272
993359
993535
993663
993933
994134
994156
994520
994600
994691
994963
995164
995230
995242
995532
995597
995664
995709
995892
995908
996010
996026
996070
996173
996180
996202
996248
996397
996453
996560
996606
996769
996772
996862
997046
997062
997062
997264
997349
997625
997635
997751
997806
997876
997927
998039
998121
998226
998368
998435
998451
998464
998466
998545
998694
998713
998752
999110
999130
999176
999338
999393
999410
999422
999481
999502
999514
999689
999761
999844
999886
999962