100446
100597
101131
101762
102692
104396
104579
104656
104742
105580
106017
106841
109419
110015
111059
111494
111661
112591
113454
116403
116591
117198
117732
118700
119556
119961
122607
122996
123027
123173
123736
124095
124909
126171
126653
127991
128425
130140
130680
131430
132871
133020
133112
134501
136467
136565
137141
138016
139026
139211
139728
139783
140373
142549
142839
143392
143746
145650
146784
146886
147353
149800
149931
150057
151142
151163
152670
152769
152934
155815
155958
157141
158300
159768
159930
160981
162379
163704
166310
166441
168964
169320
170763
173841
173993
175509
175646
177650
181511
182064
182314
185055
185432
185737
185899
191145
193719
194574
196913
197096
198213
199253
200187
201085
202794
202888
203005
203224
203636
204469
205110
206050
207367
208836
209644
210889
211601
211629
211722
211851
211956
212769
213197
213529
213666
215260
215806
217107
217460
217604
218156
218501
219591
219644
220427
220756
221425
222170
222376
222439
222702
225156
225549
226086
226103
226296
226640
227118
229054
229147
229288
229388
230525
233178
235386
236787
238385
238734
239898
240619
241447
241962
243066
243681
244317
246512
247068
248043
248543
249154
249893
250661
250918
251463
252219
253395
253897
254127
254417
254950
256544
262726
263968
264132
266551
266930
267421
267573
267785
268055
268505
268873
269292
269514
270595
272450
274686
275028
275180
275203
275459
277117
278043
278126
279262
279394
279707
280396
280707
281429
281828
282980
287230
287329
288323
288927
289583
291162
292068
292501
293057
293098
295585
297008
298050
298216
298942
300268
300910
301303
301955
302912
306196
306406
306441
306576
306841
307734
307862
308249
308303
311239
311904
313292
317526
317811
318149
318686
319629
319992
324638
324806
324835
325407
325759
326601
327272
329713
329726
330008
330380
330443
331133
332317
332365
332647
333214
333526
334602
335492
339042
339048
340009
345565
346220
347770
348926
349192
349218
349732
349761
350441
352225
352661
353966
354500
356339
356401
357234
357248
357632
358706
359388
359767
359775
359860
360400
362311
364675
365344
367118
368802
369697
370060
371019
371090
372009
372604
373160
373495
374079
374504
376285
377901
378153
378749
378750
378936
387216
388069
390150
390737
391121
392252
392888
392904
394578
394588
394627
395946
397173
399690
400175
400631
401510
401588
402259
403503
404228
404975
406512
407384
408190
409890
413676
416211
416560
416608
417202
419993
420191
420496
423169
423633
423752
423946
424171
424585
425481
427280
428298
430911
431932
432295
432573
432769
432825
433148
433249
434046
434288
434856
436723
437354
437761
438006
439221
439744
444199
445141
445271
447297
448157
448334
449126
450174
452327
453248
455182
455666
456021
456273
456776
457058
457425
459001
459584
459779
460548
461786
462695
463129
465049
465239
465539
465604
465657
465894
466184
466386
466780
466931
468025
472320
474216
474241
476058
477620
478327
479006
481187
481210
481420
482330
483610
484094
484536
484771
484840
485098
487023
489968
490746
490945
493547
495014
495651
497111
499092
499671
499721
500072
502711
505290
505840
506818
506830
508031
508860
509833
509929
510435
511838
513284
514094
514791
515002
515850
516993
517430
518999
519253
519699
520491
521042
521328
522270
522326
523824
525095
525472
525648
526423
526590
527191
527361
531821
533050
534850
535101
535269
535641
536285
537538
537955
539192
539535
540096
541202
545816
546437
547797
548912
550396
551677
551854
556245
556853
557070
557245
557287
560288
560431
560530
560857
563264
564858
565508
567967
568155
568520
568854
569816
569934
571407
572387
574698
575687
576113
576211
576214
576451
576905
576933
578390
579842
582421
582869
583006
583778
584878
587705
589019
589782
593196
593251
593311
597016
597878
597966
599004
601574
602020
602126
603044
603297
604205
605259
606046
606119
606943
607106
607607
607873
608687
608896
609378
609658
610319
610592
611390
611414
612850
614253
615201
615982
616573
616837
617207
617525
619001
619032
619601
619991
620763
621119
621159
622603
623190
623569
623591
625244
625250
625806
626760
628330
628393
629673
630379
631546
633172
634381
635115
635421
637278
641718
643640
644166
645017
647501
647736
647808
647897
651241
653045
653813
653872
654857
655720
655996
656840
657773
658674
659739
661042
661792
662131
662828
666026
666987
670581
671451
673169
675529
676493
678772
679249
682521
682849
682923
684603
687282
687458
688371
688558
690020
690708
690995
694842
694888
697220
698295
699236
699306
699792
700074
701781
702340
702459
702792
702926
703021
703058
703427
703856
705091
706829
707150
710021
710627
711528
712109
713386
714712
715941
716087
716390
716825
717464
717518
717755
718173
720975
721024
722146
722618
723436
723829
724422
728892
729330
729444
729794
732380
732581
733671
734879
735129
735365
737304
737913
738763
739040
739528
742556
743253
744135
744383
744411
745254
746916
749552
750313
750514
750771
750890
751071
752094
752476
753582
753668
756020
756598
757900
758696
760158
761088
762216
762515
763304
763706
766097
766514
766882
767921
769000
769668
769892
769995
770376
770629
771000
771151
771805
772872
773120
773592
775103
775295
776744
777731
778033
780930
781165
781359
782427
783131
787397
788192
788904
789264
790065
791281
792273
793825
794156
795464
795812
796043
796569
797729
797907
797993
798002
799555
799944
802111
802388
802932
804711
804869
806317
807239
807474
807499
809296
809845
814276
814947
815370
815993
816549
816793
816939
817696
818394
818537
818602
818809
819039
819684
820742
821728
822516
823497
824072
824869
825691
826225
829200
830242
830299
830726
830829
831173
831333
831536
831554
831947
832298
832660
832891
833063
833619
834151
834482
835346
836641
837073
837717
837724
840785
841573
842218
843474
845429
845682
846790
847105
847258
847892
848119
848171
848240
849082
850107
852463
852483
854771
854939
857486
858157
858643
859309
859350
860788
862979
863409
866318
869905
872100
872753
873010
873081
874129
875577
876528
876544
877408
879443
879579
880085
880397
880403
880621
881247
881554
882907
883598
883782
883914
885967
886240
886661
888746
889992
890416
890768
891525
892057
892288
893335
894745
896948
896974
897761
898613
900108
900363
900620
900662
901480
903534
903838
906063
906155
906808
906838
907636
909257
909344
909754
909983
910569
910891
911104
912452
913235
914473
917184
917528
918647
919118
920583
921162
921606
922124
922484
922566
923671
923798
923858
924651
925014
925371
926013
927289
928171
928292
928904
929256
929998
930666
931641
934501
935293
935620
939966
940649
942679
942853
943854
944462
945870
947592
947620
948571
948848
952956
953142
953327
953797
954259
955073
955280
956133
957652
957702
957888
958405
959065
959189
959627
960657
960855
962995
964801
965735
966568
968085
969288
969452
970355
971094
972065
973465
973485
973522
974917
980178
980612
980833
981792
982140
982235
983679
984914
985913
988310
988674
989878
990119
990671
990711
991125
992863
994155
995129
996001
998927